For APKC(1, 1):
4.28121	0.971665	1459.33
4.28121	0.971665	1459.33

For APKC(1, 2):
0.113994	0.999244	-2155.1
0.113994	0.999244	-2155.1

For APKC(1, 3):
0.0684428	0.999546	-2659.03
0.0684515	0.999546	-2658.9

For APKC(2, 1):
3.95923	0.973751	1383.3
3.95923	0.973751	1383.3

For APKC(2, 2):
0.0873013	0.999421	-2419.07
0.0873013	0.999421	-2419.07

For APKC(2, 3):
0.0682515	0.999547	-2659.82
0.0682727	0.999547	-2659.51

For APKC(3, 1):
1.42027	0.990584	361.795
1.42027	0.990584	361.795

For APKC(3, 2):
9.35465e-11	1	-23009.3
1.10068e-07	1	-15960.1

For APKC(3, 3):
9.34297e-11	1	-22985.4
3.02697e-06	1	-12641.1

