1	14	-22	3	8	-6	-3	-25	59.25
1	59.25	14	-22	-0.375	8	-6	-3	92.765
1	92.765	59.25	14	-0.625	-0.375	8	-6	-99.6664
1	-99.6664	92.765	59.25	0.125	-0.625	-0.375	8	-65.3108
1	-65.3108	-99.6664	92.765	0.375	0.125	-0.625	-0.375	30.5418
1	30.5418	-65.3108	-99.6664	0.375	0.375	0.125	-0.625	35.1785
1	35.1785	30.5418	-65.3108	0.375	0.375	0.375	0.125	-6.50231
1	-6.50231	35.1785	30.5418	-0.625	0.375	0.375	0.375	-21.829
1	-21.829	-6.50231	35.1785	0.125	-0.625	0.375	0.375	-8.70129
1	-8.70129	-21.829	-6.50231	-0.625	0.125	-0.625	0.375	13.9725
1	13.9725	-8.70129	-21.829	-0.125	-0.625	0.125	-0.625	6.10871
1	6.10871	13.9725	-8.70129	-0.125	-0.125	-0.625	0.125	4.08557
1	4.08557	6.10871	13.9725	-0.125	-0.125	-0.125	-0.625	0.4677
1	0.4677	4.08557	6.10871	0.375	-0.125	-0.125	-0.125	0.581063
1	0.581063	0.4677	4.08557	-0.375	0.375	-0.125	-0.125	1.50161
1	1.50161	0.581063	0.4677	-0.375	-0.375	0.375	-0.125	-4.9901
1	-4.9901	1.50161	0.581063	-0.625	-0.375	-0.375	0.375	2.04705
1	2.04705	-4.9901	1.50161	-0.625	-0.625	-0.375	-0.375	6.96717
1	6.96717	2.04705	-4.9901	-0.375	-0.625	-0.625	-0.375	9.02108
1	9.02108	6.96717	2.04705	0.125	-0.375	-0.625	-0.625	8.24976
1	8.24976	9.02108	6.96717	0.375	0.125	-0.375	-0.625	4.32449
1	4.32449	8.24976	9.02108	0.125	0.375	0.125	-0.375	-3.2696
1	-3.2696	4.32449	8.24976	-0.625	0.125	0.375	0.125	-8.12631
1	-8.12631	-3.2696	4.32449	0.375	-0.625	0.125	0.375	-2.48269
1	-2.48269	-8.12631	-3.2696	-0.375	0.375	-0.625	0.125	10.5571
1	10.5571	-2.48269	-8.12631	-0.375	-0.375	0.375	-0.625	-0.891497
1	-0.891497	10.5571	-2.48269	-0.125	-0.375	-0.375	0.375	0.0246442
1	0.0246442	-0.891497	10.5571	-0.375	-0.125	-0.375	-0.375	5.07414
1	5.07414	0.0246442	-0.891497	-0.375	-0.375	-0.125	-0.375	2.87321
1	2.87321	5.07414	0.0246442	0.375	-0.375	-0.375	-0.125	4.05729
1	4.05729	2.87321	5.07414	0.125	0.375	-0.375	-0.375	5.36358
1	5.36358	4.05729	2.87321	-0.375	0.125	0.375	-0.375	-5.05523
1	-5.05523	5.36358	4.05729	-0.125	-0.375	0.125	0.375	-5.56105
1	-5.56105	-5.05523	5.36358	-0.625	-0.125	-0.375	0.125	4.73355
1	4.73355	-5.56105	-5.05523	-0.375	-0.625	-0.125	-0.375	5.00108
1	5.00108	4.73355	-5.56105	0.125	-0.375	-0.625	-0.125	7.82539
1	7.82539	5.00108	4.73355	0.375	0.125	-0.375	-0.625	5.85476
1	5.85476	7.82539	5.00108	-0.625	0.375	0.125	-0.375	-3.39188
1	-3.39188	5.85476	7.82539	0.125	-0.625	0.375	0.125	-8.2649
1	-8.2649	-3.39188	5.85476	-0.125	0.125	-0.625	0.375	6.99212
1	6.99212	-8.2649	-3.39188	0.125	-0.125	0.125	-0.625	4.26107
1	4.26107	6.99212	-8.2649	-0.125	0.125	-0.125	0.125	-0.00204833
1	-0.00204833	4.26107	6.99212	-0.375	-0.125	0.125	-0.125	-3.63413
1	-3.63413	-0.00204833	4.26107	-0.625	-0.375	-0.125	0.125	-0.100701
1	-0.100701	-3.63413	-0.00204833	0.125	-0.625	-0.375	-0.125	6.44534
1	6.44534	-0.100701	-3.63413	-0.125	0.125	-0.625	-0.375	10.2222
1	10.2222	6.44534	-0.100701	-0.375	-0.125	0.125	-0.625	-1.35069
1	-1.35069	10.2222	6.44534	0.125	-0.375	-0.125	0.125	-2.89235
1	-2.89235	-1.35069	10.2222	-0.625	0.125	-0.375	-0.125	4.14771
1	4.14771	-2.89235	-1.35069	0.375	-0.625	0.125	-0.375	1.2298
1	1.2298	4.14771	-2.89235	-0.375	0.375	-0.625	0.125	6.59382
1	6.59382	1.2298	4.14771	-0.375	-0.375	0.375	-0.625	-3.59626
1	-3.59626	6.59382	1.2298	0.125	-0.375	-0.375	0.375	1.11084
1	1.11084	-3.59626	6.59382	0.125	0.125	-0.375	-0.375	7.08559
1	7.08559	1.11084	-3.59626	-0.375	0.125	0.125	-0.375	-0.0813766
1	-0.0813766	7.08559	1.11084	-0.375	-0.375	0.125	0.125	-4.97213
1	-4.97213	-0.0813766	7.08559	-0.375	-0.375	-0.375	0.125	3.0327
1	3.0327	-4.97213	-0.0813766	-0.625	-0.375	-0.375	-0.375	7.3267
1	7.3267	3.0327	-4.97213	0.375	-0.625	-0.375	-0.375	6.22234
1	6.22234	7.3267	3.0327	-0.125	0.375	-0.625	-0.375	7.16551
1	7.16551	6.22234	7.3267	0.375	-0.125	0.375	-0.625	-4.6609
1	-4.6609	7.16551	6.22234	-0.125	0.375	-0.125	0.375	-2.71753
1	-2.71753	-4.6609	7.16551	0.375	-0.125	0.375	-0.125	-3.25413
1	-3.25413	-2.71753	-4.6609	-0.375	0.375	-0.125	0.375	1.52468
1	1.52468	-3.25413	-2.71753	0.125	-0.375	0.375	-0.125	-2.90379
1	-2.90379	1.52468	-3.25413	-0.125	0.125	-0.375	0.375	3.30163
1	3.30163	-2.90379	1.52468	-0.375	-0.125	0.125	-0.375	0.377611
1	0.377611	3.30163	-2.90379	0.375	-0.375	-0.125	0.125	0.723864
1	0.723864	0.377611	3.30163	-0.625	0.375	-0.375	-0.125	4.57731
1	4.57731	0.723864	0.377611	0.375	-0.625	0.375	-0.375	-3.38426
1	-3.38426	4.57731	0.723864	-0.125	0.375	-0.625	0.375	5.22306
1	5.22306	-3.38426	4.57731	0.125	-0.125	0.375	-0.625	-1.52521
1	-1.52521	5.22306	-3.38426	0.375	0.125	-0.125	0.375	-0.561844
1	-0.561844	-1.52521	5.22306	-0.625	0.375	0.125	-0.125	-1.51572
1	-1.51572	-0.561844	-1.52521	-0.625	-0.625	0.375	0.125	-5.81306
1	-5.81306	-1.51572	-0.561844	-0.125	-0.625	-0.625	0.375	6.72206
1	6.72206	-5.81306	-1.51572	-0.625	-0.125	-0.625	-0.625	12.1636
1	12.1636	6.72206	-5.81306	-0.375	-0.625	-0.125	-0.625	2.21222
1	2.21222	12.1636	6.72206	-0.375	-0.375	-0.625	-0.125	3.43515
1	3.43515	2.21222	12.1636	-0.625	-0.375	-0.375	-0.625	4.5605
1	4.5605	3.43515	2.21222	0.125	-0.625	-0.375	-0.375	4.98997
1	4.98997	4.5605	3.43515	0.375	0.125	-0.625	-0.375	8.36948
1	8.36948	4.98997	4.5605	-0.375	0.375	0.125	-0.625	-1.1507
1	-1.1507	8.36948	4.98997	0.125	-0.375	0.375	0.125	-8.56476
1	-8.56476	-1.1507	8.36948	-0.625	0.125	-0.375	0.375	2.23002
1	2.23002	-8.56476	-1.1507	-0.125	-0.625	0.125	-0.375	2.50055
1	2.50055	2.23002	-8.56476	0.375	-0.125	-0.625	0.125	8.36417
1	8.36417	2.50055	2.23002	-0.375	0.375	-0.125	-0.625	3.11986
1	3.11986	8.36417	2.50055	0.125	-0.375	0.375	-0.125	-7.22084
1	-7.22084	3.11986	8.36417	-0.625	0.125	-0.375	0.375	0.866383
1	0.866383	-7.22084	3.11986	0.375	-0.625	0.125	-0.375	2.04244
1	2.04244	0.866383	-7.22084	0.375	0.375	-0.625	0.125	8.93874
1	8.93874	2.04244	0.866383	-0.125	0.375	0.375	-0.625	-2.76752
1	-2.76752	8.93874	2.04244	-0.625	-0.125	0.375	0.375	-10.0332
1	-10.0332	-2.76752	8.93874	0.125	-0.625	-0.125	0.375	-0.257631
1	-0.257631	-10.0332	-2.76752	-0.125	0.125	-0.625	-0.125	12.2576
1	12.2576	-0.257631	-10.0332	-0.125	-0.125	0.125	-0.625	2.26655
1	2.26655	12.2576	-0.257631	0.375	-0.125	-0.125	0.125	-2.33921
1	-2.33921	2.26655	12.2576	-0.125	0.375	-0.125	-0.125	0.143327
1	0.143327	-2.33921	2.26655	0.375	-0.125	0.375	-0.125	-3.36275
1	-3.36275	0.143327	-2.33921	0.375	0.375	-0.125	0.375	1.06158
1	1.06158	-3.36275	0.143327	-0.375	0.375	0.375	-0.125	-3.27526
1	-3.27526	1.06158	-3.36275	-0.125	-0.375	0.375	0.375	-6.50882
1	-6.50882	-3.27526	1.06158	0.125	-0.125	-0.375	0.375	4.38965
1	4.38965	-6.50882	-3.27526	0.125	0.125	-0.125	-0.375	6.00939
1	6.00939	4.38965	-6.50882	-0.125	0.125	0.125	-0.125	-1.58199
1	-1.58199	6.00939	4.38965	-0.125	-0.125	0.125	0.125	-4.65003
1	-4.65003	-1.58199	6.00939	0.125	-0.125	-0.125	0.125	1.07277
1	1.07277	-4.65003	-1.58199	-0.375	0.125	-0.125	-0.125	3.68423
1	3.68423	1.07277	-4.65003	0.125	-0.375	0.125	-0.125	-0.799359
1	-0.799359	3.68423	1.07277	0.125	0.125	-0.375	0.125	3.36131
1	3.36131	-0.799359	3.68423	-0.375	0.125	0.125	-0.375	-0.398059
1	-0.398059	3.36131	-0.799359	-0.625	-0.375	0.125	0.125	-3.77837
1	-3.77837	-0.398059	3.36131	-0.625	-0.625	-0.375	0.125	3.19297
1	3.19297	-3.77837	-0.398059	0.375	-0.625	-0.625	-0.375	11.0559
1	11.0559	3.19297	-3.77837	-0.625	0.375	-0.625	-0.625	9.88032
1	9.88032	11.0559	3.19297	0.375	-0.625	0.375	-0.625	-5.99861
1	-5.99861	9.88032	11.0559	-0.625	0.375	-0.625	0.375	1.76252
1	1.76252	-5.99861	9.88032	-0.375	-0.625	0.375	-0.625	-2.11652
1	-2.11652	1.76252	-5.99861	0.375	-0.375	-0.625	0.375	7.04122
1	7.04122	-2.11652	1.76252	-0.625	0.375	-0.375	-0.625	7.631
1	7.631	7.04122	-2.11652	-0.125	-0.625	0.375	-0.375	-5.58531
1	-5.58531	7.631	7.04122	-0.375	-0.125	-0.625	0.375	2.91434
1	2.91434	-5.58531	7.631	0.375	-0.375	-0.125	-0.625	5.37348
1	5.37348	2.91434	-5.58531	-0.125	0.375	-0.375	-0.125	5.41089
1	5.41089	5.37348	2.91434	0.375	-0.125	0.375	-0.375	-4.90998
1	-4.90998	5.41089	5.37348	-0.125	0.375	-0.125	0.375	-2.06878
1	-2.06878	-4.90998	5.41089	-0.125	-0.125	0.375	-0.125	-3.45946
1	-3.45946	-2.06878	-4.90998	0.125	-0.125	-0.125	0.375	1.54901
1	1.54901	-3.45946	-2.06878	-0.375	0.125	-0.125	-0.125	3.33172
1	3.33172	1.54901	-3.45946	-0.375	-0.375	0.125	-0.125	-1.60028
1	-1.60028	3.33172	1.54901	0.375	-0.375	-0.375	0.125	3.37283
1	3.37283	-1.60028	3.33172	0.375	0.375	-0.375	-0.375	7.25599
1	7.25599	3.37283	-1.60028	-0.375	0.375	0.375	-0.375	-4.13942
1	-4.13942	7.25599	3.37283	0.375	-0.375	0.375	0.375	-8.81965
1	-8.81965	-4.13942	7.25599	-0.125	0.375	-0.375	0.375	3.96008
1	3.96008	-8.81965	-4.13942	-0.625	-0.125	0.375	-0.375	-0.483665
1	-0.483665	3.96008	-8.81965	-0.125	-0.625	-0.125	0.375	-0.454952
1	-0.454952	-0.483665	3.96008	0.125	-0.125	-0.625	-0.125	8.43341
1	8.43341	-0.454952	-0.483665	0.125	0.125	-0.125	-0.625	4.78868
1	4.78868	8.43341	-0.454952	-0.125	0.125	0.125	-0.125	-3.61045
1	-3.61045	4.78868	8.43341	-0.375	-0.125	0.125	0.125	-4.99601
1	-4.99601	-3.61045	4.78868	0.375	-0.375	-0.125	0.125	1.9843
1	1.9843	-4.99601	-3.61045	-0.125	0.375	-0.375	-0.125	7.66845
1	7.66845	1.9843	-4.99601	0.125	-0.125	0.375	-0.375	-3.09322
1	-3.09322	7.66845	1.9843	-0.625	0.125	-0.125	0.375	-3.03698
1	-3.03698	-3.09322	7.66845	0.375	-0.625	0.125	-0.125	-0.89475
1	-0.89475	-3.03698	-3.09322	-0.625	0.375	-0.625	0.125	8.67953
1	8.67953	-0.89475	-3.03698	-0.625	-0.625	0.375	-0.625	-2.42588
1	-2.42588	8.67953	-0.89475	0.125	-0.625	-0.625	0.375	3.77062
1	3.77062	-2.42588	8.67953	-0.375	0.125	-0.625	-0.625	10.216
1	10.216	3.77062	-2.42588	-0.125	-0.375	0.125	-0.625	-0.0700454
1	-0.0700454	10.216	3.77062	-0.625	-0.125	-0.375	0.125	0.060817
1	0.060817	-0.0700454	10.216	-0.125	-0.625	-0.125	-0.375	1.60229
1	1.60229	0.060817	-0.0700454	-0.125	-0.125	-0.625	-0.125	8.57274
1	8.57274	1.60229	0.060817	-0.625	-0.125	-0.125	-0.625	3.15717
1	3.15717	8.57274	1.60229	-0.375	-0.625	-0.125	-0.125	-1.37298
1	-1.37298	3.15717	8.57274	-0.375	-0.375	-0.625	-0.125	6.08911
1	6.08911	-1.37298	3.15717	-0.125	-0.375	-0.375	-0.625	7.32549
1	7.32549	6.08911	-1.37298	-0.625	-0.125	-0.375	-0.375	4.10925
1	4.10925	7.32549	6.08911	0.375	-0.625	-0.125	-0.375	0.250396
1	0.250396	4.10925	7.32549	-0.625	0.375	-0.625	-0.125	6.14875
1	6.14875	0.250396	4.10925	-0.375	-0.625	0.375	-0.625	-3.39522
1	-3.39522	6.14875	0.250396	0.125	-0.375	-0.625	0.375	4.60231
1	4.60231	-3.39522	6.14875	0.125	0.125	-0.375	-0.625	8.11397
1	8.11397	4.60231	-3.39522	-0.375	0.125	0.125	-0.375	-1.2167
1	-1.2167	8.11397	4.60231	-0.125	-0.375	0.125	0.125	-5.48244
1	-5.48244	-1.2167	8.11397	0.375	-0.125	-0.375	0.125	4.17402
1	4.17402	-5.48244	-1.2167	0.125	0.375	-0.125	-0.375	5.59739
1	5.59739	4.17402	-5.48244	-0.625	0.125	0.375	-0.125	-5.363
1	-5.363	5.59739	4.17402	0.375	-0.625	0.125	0.375	-5.32407
1	-5.32407	-5.363	5.59739	-0.125	0.375	-0.625	0.125	8.82598
1	8.82598	-5.32407	-5.363	0.375	-0.125	0.375	-0.625	0.593045
1	0.593045	8.82598	-5.32407	-0.375	0.375	-0.125	0.375	-2.09913
1	-2.09913	0.593045	8.82598	-0.125	-0.375	0.375	-0.125	-5.81379
1	-5.81379	-2.09913	0.593045	-0.125	-0.125	-0.375	0.375	3.8634
1	3.8634	-5.81379	-2.09913	-0.375	-0.125	-0.125	-0.375	4.99334
1	4.99334	3.8634	-5.81379	-0.375	-0.375	-0.125	-0.125	1.18585
1	1.18585	4.99334	3.8634	-0.125	-0.375	-0.375	-0.125	3.08965
1	3.08965	1.18585	4.99334	0.375	-0.125	-0.375	-0.375	5.87681
1	5.87681	3.08965	1.18585	-0.375	0.375	-0.125	-0.375	2.06603
1	2.06603	5.87681	3.08965	-0.375	-0.375	0.375	-0.125	-7.00748
1	-7.00748	2.06603	5.87681	-0.375	-0.375	-0.375	0.375	1.46739
1	1.46739	-7.00748	2.06603	0.375	-0.375	-0.375	-0.375	8.70212
1	8.70212	1.46739	-7.00748	0.125	0.375	-0.375	-0.375	7.31955
1	7.31955	8.70212	1.46739	-0.625	0.125	0.375	-0.375	-6.64421
1	-6.64421	7.31955	8.70212	0.375	-0.625	0.125	0.375	-6.41209
1	-6.41209	-6.64421	7.31955	-0.625	0.375	-0.625	0.125	8.53315
1	8.53315	-6.41209	-6.64421	-0.375	-0.625	0.375	-0.625	0.0584911
1	0.0584911	8.53315	-6.41209	0.125	-0.375	-0.625	0.375	4.63943
1	4.63943	0.0584911	8.53315	-0.125	0.125	-0.375	-0.625	6.44913
1	6.44913	4.63943	0.0584911	-0.125	-0.125	0.125	-0.375	-1.548
1	-1.548	6.44913	4.63943	-0.625	-0.125	-0.125	0.125	-2.07135
1	-2.07135	-1.548	6.44913	-0.625	-0.625	-0.125	-0.125	1.00307
1	1.00307	-2.07135	-1.548	-0.125	-0.625	-0.625	-0.125	9.12672
1	9.12672	1.00307	-2.07135	0.375	-0.125	-0.625	-0.625	11.0648
1	11.0648	9.12672	1.00307	-0.375	0.375	-0.125	-0.625	1.18879
1	1.18879	11.0648	9.12672	-0.625	-0.375	0.375	-0.125	-9.65678
1	-9.65678	1.18879	11.0648	-0.625	-0.625	-0.375	0.375	0.722434
1	0.722434	-9.65678	1.18879	-0.375	-0.625	-0.625	-0.375	12.0002
1	12.0002	0.722434	-9.65678	-0.125	-0.375	-0.625	-0.625	11.4588
1	11.4588	12.0002	0.722434	0.375	-0.125	-0.375	-0.625	3.97022
1	3.97022	11.4588	12.0002	0.375	0.375	-0.125	-0.375	-1.20098
1	-1.20098	3.97022	11.4588	-0.375	0.375	0.375	-0.125	-6.96597
1	-6.96597	-1.20098	3.97022	-0.625	-0.375	0.375	0.375	-7.16625
1	-7.16625	-6.96597	-1.20098	-0.375	-0.625	-0.375	0.375	5.07175
1	5.07175	-7.16625	-6.96597	-0.375	-0.375	-0.625	-0.375	12.3319
1	12.3319	5.07175	-7.16625	0.375	-0.375	-0.375	-0.625	7.01315
1	7.01315	12.3319	5.07175	0.375	0.375	-0.375	-0.375	2.58679
1	2.58679	7.01315	12.3319	-0.625	0.375	0.375	-0.375	-7.27318
1	-7.27318	2.58679	7.01315	0.125	-0.625	0.375	0.375	-8.14249
1	-8.14249	-7.27318	2.58679	-0.375	0.125	-0.625	0.375	8.37876
1	8.37876	-8.14249	-7.27318	-0.375	-0.375	0.125	-0.625	4.04707
1	4.04707	8.37876	-8.14249	-0.375	-0.375	-0.375	0.125	2.21331
1	2.21331	4.04707	8.37876	-0.625	-0.375	-0.375	-0.375	3.36103
1	3.36103	2.21331	4.04707	-0.625	-0.625	-0.375	-0.375	4.38766
1	4.38766	3.36103	2.21331	-0.125	-0.625	-0.625	-0.375	7.9658
1	7.9658	4.38766	3.36103	-0.375	-0.125	-0.625	-0.625	8.5761
1	8.5761	7.9658	4.38766	-0.125	-0.375	-0.125	-0.625	0.961341
1	0.961341	8.5761	7.9658	-0.625	-0.125	-0.375	-0.125	1.12158
1	1.12158	0.961341	8.5761	0.375	-0.625	-0.125	-0.375	1.99215
1	1.99215	1.12158	0.961341	-0.375	0.375	-0.625	-0.125	8.14729
1	8.14729	1.99215	1.12158	0.125	-0.375	0.375	-0.625	-2.94961
1	-2.94961	8.14729	1.99215	0.375	0.125	-0.375	0.375	1.05794
1	1.05794	-2.94961	8.14729	-0.375	0.375	0.125	-0.375	-0.119903
1	-0.119903	1.05794	-2.94961	-0.625	-0.375	0.375	0.125	-5.99345
1	-5.99345	-0.119903	1.05794	-0.625	-0.625	-0.375	0.375	2.34429
1	2.34429	-5.99345	-0.119903	-0.625	-0.625	-0.625	-0.375	10.7175
1	10.7175	2.34429	-5.99345	-0.125	-0.625	-0.625	-0.625	10.3363
1	10.3363	10.7175	2.34429	-0.625	-0.125	-0.625	-0.625	6.41597
1	6.41597	10.3363	10.7175	-0.375	-0.625	-0.125	-0.625	-0.979712
1	-0.979712	6.41597	10.3363	-0.125	-0.375	-0.625	-0.125	5.1139
1	5.1139	-0.979712	6.41597	-0.625	-0.125	-0.375	-0.625	6.44834
1	6.44834	5.1139	-0.979712	-0.125	-0.625	-0.125	-0.375	1.35708
1	1.35708	6.44834	5.1139	0.125	-0.125	-0.625	-0.125	6.11335
1	6.11335	1.35708	6.44834	-0.125	0.125	-0.125	-0.625	3.10453
1	3.10453	6.11335	1.35708	0.125	-0.125	0.125	-0.125	-2.97434
1	-2.97434	3.10453	6.11335	-0.375	0.125	-0.125	0.125	-0.790808
1	-0.790808	-2.97434	3.10453	-0.375	-0.375	0.125	-0.125	-0.954041
1	-0.954041	-0.790808	-2.97434	-0.625	-0.375	-0.375	0.125	4.26585
1	4.26585	-0.954041	-0.790808	-0.125	-0.625	-0.375	-0.375	6.45911
1	6.45911	4.26585	-0.954041	0.375	-0.125	-0.625	-0.375	8.85197
1	8.85197	6.45911	4.26585	0.125	0.375	-0.125	-0.625	2.13371
1	2.13371	8.85197	6.45911	0.125	0.125	0.375	-0.125	-7.5667
1	-7.5667	2.13371	8.85197	0.125	0.125	0.125	0.375	-4.57523
1	-4.57523	-7.5667	2.13371	-0.625	0.125	0.125	0.125	-0.360974
1	-0.360974	-4.57523	-7.5667	-0.625	-0.625	0.125	0.125	-0.568331
1	-0.568331	-0.360974	-4.57523	-0.125	-0.625	-0.625	0.125	7.87524
1	7.87524	-0.568331	-0.360974	-0.375	-0.125	-0.625	-0.625	10.5914
1	10.5914	7.87524	-0.568331	0.375	-0.375	-0.125	-0.625	2.09472
1	2.09472	10.5914	7.87524	-0.125	0.375	-0.375	-0.125	1.27192
1	1.27192	2.09472	10.5914	-0.125	-0.125	0.375	-0.375	-5.2806
1	-5.2806	1.27192	2.09472	-0.125	-0.125	-0.125	0.375	-0.616801
1	-0.616801	-5.2806	1.27192	-0.125	-0.125	-0.125	-0.125	3.61945
1	3.61945	-0.616801	-5.2806	0.125	-0.125	-0.125	-0.125	3.20072
1	3.20072	3.61945	-0.616801	0.375	0.125	-0.125	-0.125	1.65165
1	1.65165	3.20072	3.61945	-0.625	0.375	0.125	-0.125	-2.80833
1	-2.80833	1.65165	3.20072	0.375	-0.625	0.375	0.125	-6.1091
1	-6.1091	-2.80833	1.65165	-0.375	0.375	-0.625	0.375	7.21235
1	7.21235	-6.1091	-2.80833	0.375	-0.375	0.375	-0.625	0.364442
1	0.364442	7.21235	-6.1091	0.375	0.375	-0.375	0.375	2.49759
1	2.49759	0.364442	7.21235	-0.125	0.375	0.375	-0.375	-4.06046
1	-4.06046	2.49759	0.364442	-0.375	-0.125	0.375	0.375	-7.50844
1	-7.50844	-4.06046	2.49759	-0.375	-0.375	-0.125	0.375	0.596419
1	0.596419	-7.50844	-4.06046	-0.625	-0.375	-0.375	-0.125	7.57255
1	7.57255	0.596419	-7.50844	-0.125	-0.625	-0.375	-0.375	6.79888
1	6.79888	7.57255	0.596419	-0.375	-0.125	-0.625	-0.375	6.83739
1	6.83739	6.79888	7.57255	-0.625	-0.375	-0.125	-0.625	0.426908
1	0.426908	6.83739	6.79888	0.125	-0.625	-0.375	-0.125	2.28415
1	2.28415	0.426908	6.83739	-0.125	0.125	-0.625	-0.375	8.77375
1	8.77375	2.28415	0.426908	-0.125	-0.125	0.125	-0.625	0.188777
1	0.188777	8.77375	2.28415	-0.625	-0.125	-0.125	0.125	-2.51547
1	-2.51547	0.188777	8.77375	0.375	-0.625	-0.125	-0.125	1.15475
1	1.15475	-2.51547	0.188777	-0.625	0.375	-0.625	-0.125	9.14916
1	9.14916	1.15475	-2.51547	-0.375	-0.625	0.375	-0.625	-2.88117
1	-2.88117	9.14916	1.15475	-0.125	-0.375	-0.625	0.375	3.26568
1	3.26568	-2.88117	9.14916	-0.625	-0.125	-0.375	-0.625	6.68285
1	6.68285	3.26568	-2.88117	0.125	-0.625	-0.125	-0.375	2.43937
1	2.43937	6.68285	3.26568	0.375	0.125	-0.625	-0.125	6.66021
1	6.66021	2.43937	6.68285	0.125	0.375	0.125	-0.625	-0.105189
1	-0.105189	6.66021	2.43937	0.125	0.125	0.375	0.125	-7.4028
1	-7.4028	-0.105189	6.66021	0.125	0.125	0.125	0.375	-3.60437
1	-3.60437	-7.4028	-0.105189	-0.125	0.125	0.125	0.125	0.358479
1	0.358479	-3.60437	-7.4028	-0.625	-0.125	0.125	0.125	-0.609231
1	-0.609231	0.358479	-3.60437	0.125	-0.625	-0.125	0.125	1.31969
1	1.31969	-0.609231	0.358479	-0.375	0.125	-0.625	-0.125	8.58551
1	8.58551	1.31969	-0.609231	-0.375	-0.375	0.125	-0.625	0.205752
1	0.205752	8.58551	1.31969	0.125	-0.375	-0.375	0.125	1.49187
1	1.49187	0.205752	8.58551	-0.125	0.125	-0.375	-0.375	5.38059
1	5.38059	1.49187	0.205752	-0.125	-0.125	0.125	-0.375	-0.56649
1	-0.56649	5.38059	1.49187	0.375	-0.125	-0.125	0.125	-0.339955
1	-0.339955	-0.56649	5.38059	0.125	0.375	-0.125	-0.125	2.1542
1	2.1542	-0.339955	-0.56649	-0.625	0.125	0.375	-0.125	-4.51979
1	-4.51979	2.1542	-0.339955	-0.375	-0.625	0.125	0.375	-4.40325
1	-4.40325	-4.51979	2.1542	-0.625	-0.375	-0.625	0.125	8.02957
1	8.02957	-4.40325	-4.51979	-0.125	-0.625	-0.375	-0.625	9.07488
1	9.07488	8.02957	-4.40325	0.125	-0.125	-0.625	-0.375	7.82376
1	7.82376	9.07488	8.02957	0.125	0.125	-0.125	-0.625	0.676201
1	0.676201	7.82376	9.07488	0.375	0.125	0.125	-0.125	-4.0751
1	-4.0751	0.676201	7.82376	0.125	0.375	0.125	0.125	-2.78855
1	-2.78855	-4.0751	0.676201	-0.625	0.125	0.375	0.125	-4.52028
1	-4.52028	-2.78855	-4.0751	-0.125	-0.625	0.125	0.375	-2.1148
1	-2.1148	-4.52028	-2.78855	0.375	-0.125	-0.625	0.125	9.78015
1	9.78015	-2.1148	-4.52028	0.375	0.375	-0.125	-0.625	6.19391
1	6.19391	9.78015	-2.1148	-0.125	0.375	0.375	-0.125	-6.92551
1	-6.92551	6.19391	9.78015	-0.125	-0.125	0.375	0.375	-9.63355
1	-9.63355	-6.92551	6.19391	0.125	-0.125	-0.125	0.375	1.72417
1	1.72417	-9.63355	-6.92551	-0.625	0.125	-0.125	-0.125	5.68232
1	5.68232	1.72417	-9.63355	-0.625	-0.625	0.125	-0.125	-1.30089
1	-1.30089	5.68232	1.72417	0.375	-0.625	-0.625	0.125	5.66563
1	5.66563	-1.30089	5.68232	-0.625	0.375	-0.625	-0.625	10.1375
1	10.1375	5.66563	-1.30089	0.125	-0.625	0.375	-0.625	-3.94734
1	-3.94734	10.1375	5.66563	-0.625	0.125	-0.625	0.375	2.18953
1	2.18953	-3.94734	10.1375	0.125	-0.625	0.125	-0.625	0.911156
1	0.911156	2.18953	-3.94734	-0.375	0.125	-0.625	0.125	7.23624
1	7.23624	0.911156	2.18953	0.125	-0.375	0.125	-0.625	0.473558
1	0.473558	7.23624	0.911156	0.375	0.125	-0.375	0.125	2.52518
1	2.52518	0.473558	7.23624	-0.125	0.375	0.125	-0.375	-0.847225
1	-0.847225	2.52518	0.473558	0.125	-0.125	0.375	0.125	-5.9907
1	-5.9907	-0.847225	2.52518	0.125	0.125	-0.125	0.375	0.367812
1	0.367812	-5.9907	-0.847225	-0.125	0.125	0.125	-0.125	1.02907
1	1.02907	0.367812	-5.9907	-0.125	-0.125	0.125	0.125	-1.54884
1	-1.54884	1.02907	0.367812	-0.375	-0.125	-0.125	0.125	0.412091
1	0.412091	-1.54884	1.02907	0.375	-0.375	-0.125	-0.125	2.81142
1	2.81142	0.412091	-1.54884	0.125	0.375	-0.375	-0.125	5.93234
1	5.93234	2.81142	0.412091	0.125	0.125	0.375	-0.375	-3.87458
1	-3.87458	5.93234	2.81142	-0.375	0.125	0.125	0.375	-5.54958
1	-5.54958	-3.87458	5.93234	0.125	-0.375	0.125	0.125	-1.57047
1	-1.57047	-5.54958	-3.87458	-0.375	0.125	-0.375	0.125	6.44328
1	6.44328	-1.57047	-5.54958	-0.625	-0.375	0.125	-0.375	0.434701
1	0.434701	6.44328	-1.57047	-0.125	-0.625	-0.375	0.125	2.11847
1	2.11847	0.434701	6.44328	-0.125	-0.125	-0.625	-0.375	8.64602
1	8.64602	2.11847	0.434701	0.375	-0.125	-0.125	-0.625	3.96756
1	3.96756	8.64602	2.11847	0.125	0.375	-0.125	-0.125	-0.369273
1	-0.369273	3.96756	8.64602	0.125	0.125	0.375	-0.125	-6.29433
1	-6.29433	-0.369273	3.96756	0.375	0.125	0.125	0.375	-2.91567
1	-2.91567	-6.29433	-0.369273	-0.625	0.375	0.125	0.125	-0.321836
1	-0.321836	-2.91567	-6.29433	0.375	-0.625	0.375	0.125	-3.4901
1	-3.4901	-0.321836	-2.91567	0.375	0.375	-0.625	0.375	7.71043
1	7.71043	-3.4901	-0.321836	-0.125	0.375	0.375	-0.625	-0.848788
1	-0.848788	7.71043	-3.4901	-0.625	-0.125	0.375	0.375	-8.95864
1	-8.95864	-0.848788	7.71043	0.375	-0.625	-0.125	0.375	-0.481921
1	-0.481921	-8.95864	-0.848788	0.125	0.375	-0.625	-0.125	12.0712
1	12.0712	-0.481921	-8.95864	-0.625	0.125	0.375	-0.625	-1.37065
1	-1.37065	12.0712	-0.481921	0.375	-0.625	0.125	0.375	-6.81207
1	-6.81207	-1.37065	12.0712	0.375	0.375	-0.625	0.125	7.23777
1	7.23777	-6.81207	-1.37065	-0.625	0.375	0.375	-0.625	-0.115299
1	-0.115299	7.23777	-6.81207	-0.625	-0.625	0.375	0.375	-8.69363
1	-8.69363	-0.115299	7.23777	0.125	-0.625	-0.625	0.375	5.54009
1	5.54009	-8.69363	-0.115299	0.125	0.125	-0.625	-0.625	13.8268
1	13.8268	5.54009	-8.69363	0.125	0.125	0.125	-0.625	0.664536
1	0.664536	13.8268	5.54009	-0.625	0.125	0.125	0.125	-7.63543
1	-7.63543	0.664536	13.8268	-0.375	-0.625	0.125	0.125	-4.63293
1	-4.63293	-7.63543	0.664536	-0.625	-0.375	-0.625	0.125	9.24974
1	9.24974	-4.63293	-7.63543	0.375	-0.625	-0.375	-0.625	10.0306
1	10.0306	9.24974	-4.63293	-0.375	0.375	-0.625	-0.375	7.24983
1	7.24983	10.0306	9.24974	-0.625	-0.375	0.375	-0.625	-7.28167
1	-7.28167	7.24983	10.0306	-0.125	-0.625	-0.375	0.375	-0.57351
1	-0.57351	-7.28167	7.24983	-0.125	-0.125	-0.625	-0.375	11.0335
1	11.0335	-0.57351	-7.28167	-0.125	-0.125	-0.125	-0.625	5.28504
1	5.28504	11.0335	-0.57351	-0.625	-0.125	-0.125	-0.125	-1.86236
1	-1.86236	5.28504	11.0335	-0.375	-0.625	-0.125	-0.125	-1.50408
1	-1.50408	-1.86236	5.28504	-0.375	-0.375	-0.625	-0.125	8.12248
1	8.12248	-1.50408	-1.86236	0.375	-0.375	-0.375	-0.625	8.48104
1	8.48104	8.12248	-1.50408	0.375	0.375	-0.375	-0.375	4.7587
1	4.7587	8.48104	8.12248	-0.375	0.375	0.375	-0.375	-6.98678
1	-6.98678	4.7587	8.48104	0.125	-0.375	0.375	0.375	-8.88086
1	-8.88086	-6.98678	4.7587	-0.375	0.125	-0.375	0.375	4.79391
1	4.79391	-8.88086	-6.98678	-0.125	-0.375	0.125	-0.375	3.46289
1	3.46289	4.79391	-8.88086	0.375	-0.125	-0.375	0.125	4.34213
1	4.34213	3.46289	4.79391	-0.625	0.375	-0.125	-0.375	1.20425
1	1.20425	4.34213	3.46289	-0.625	-0.625	0.375	-0.125	-6.95245
1	-6.95245	1.20425	4.34213	-0.375	-0.625	-0.625	0.375	5.0141
1	5.0141	-6.95245	1.20425	0.125	-0.375	-0.625	-0.625	12.8053
1	12.8053	5.0141	-6.95245	-0.625	0.125	-0.375	-0.625	6.32601
1	6.32601	12.8053	5.0141	-0.625	-0.625	0.125	-0.375	-5.60253
1	-5.60253	6.32601	12.8053	0.375	-0.625	-0.625	0.125	4.12957
1	4.12957	-5.60253	6.32601	-0.375	0.375	-0.625	-0.625	11.709
1	11.709	4.12957	-5.60253	-0.375	-0.375	0.375	-0.625	-3.2748
1	-3.2748	11.709	4.12957	0.125	-0.375	-0.375	0.375	-0.905686
1	-0.905686	-3.2748	11.709	-0.375	0.125	-0.375	-0.375	5.85644
1	5.85644	-0.905686	-3.2748	-0.375	-0.375	0.125	-0.375	0.24045
1	0.24045	5.85644	-0.905686	-0.625	-0.375	-0.375	0.125	1.87693
1	1.87693	0.24045	5.85644	-0.125	-0.625	-0.375	-0.375	5.25944
1	5.25944	1.87693	0.24045	0.125	-0.125	-0.625	-0.375	9.23336
1	9.23336	5.25944	1.87693	-0.125	0.125	-0.125	-0.625	2.41823
1	2.41823	9.23336	5.25944	-0.375	-0.125	0.125	-0.125	-4.96534
1	-4.96534	2.41823	9.23336	0.375	-0.375	-0.125	0.125	-0.49348
1	-0.49348	-4.96534	2.41823	0.375	0.375	-0.375	-0.125	7.42296
1	7.42296	-0.49348	-4.96534	-0.625	0.375	0.375	-0.375	-2.74579
1	-2.74579	7.42296	-0.49348	0.125	-0.625	0.375	0.375	-8.79998
1	-8.79998	-2.74579	7.42296	-0.375	0.125	-0.625	0.375	6.31522
1	6.31522	-8.79998	-2.74579	-0.375	-0.375	0.125	-0.625	3.70815
1	3.70815	6.31522	-8.79998	-0.375	-0.375	-0.375	0.125	2.96497
1	2.96497	3.70815	6.31522	-0.375	-0.375	-0.375	-0.375	3.97327
1	3.97327	2.96497	3.70815	-0.125	-0.375	-0.375	-0.375	4.83199
1	4.83199	3.97327	2.96497	0.375	-0.125	-0.375	-0.375	5.24336
1	5.24336	4.83199	3.97327	-0.375	0.375	-0.125	-0.375	1.15942
1	1.15942	5.24336	4.83199	0.125	-0.375	0.375	-0.125	-6.51413
1	-6.51413	1.15942	5.24336	-0.125	0.125	-0.375	0.375	2.3847
1	2.3847	-6.51413	1.15942	-0.375	-0.125	0.125	-0.375	1.59688
1	1.59688	2.3847	-6.51413	0.125	-0.375	-0.125	0.125	1.21304
1	1.21304	1.59688	2.3847	-0.125	0.125	-0.375	-0.125	4.64508
1	4.64508	1.21304	1.59688	0.375	-0.125	0.125	-0.375	-0.170831
1	-0.170831	4.64508	1.21304	0.375	0.375	-0.125	0.125	0.227782
1	0.227782	-0.170831	4.64508	0.375	0.375	0.375	-0.125	-4.08766
1	-4.08766	0.227782	-0.170831	0.375	0.375	0.375	0.375	-5.68418
1	-5.68418	-4.08766	0.227782	0.125	0.375	0.375	0.375	-4.62859
1	-4.62859	-5.68418	-4.08766	-0.125	0.125	0.375	0.375	-3.98092
1	-3.98092	-4.62859	-5.68418	-0.125	-0.125	0.125	0.375	-1.05048
1	-1.05048	-3.98092	-4.62859	0.125	-0.125	-0.125	0.125	3.1258
1	3.1258	-1.05048	-3.98092	0.375	0.125	-0.125	-0.125	3.5554
1	3.5554	3.1258	-1.05048	0.375	0.375	0.125	-0.125	-1.21436
1	-1.21436	3.5554	3.1258	0.375	0.375	0.375	0.125	-6.12935
1	-6.12935	-1.21436	3.5554	0.125	0.375	0.375	0.375	-5.94456
1	-5.94456	-6.12935	-1.21436	0.375	0.125	0.375	0.375	-3.68632
1	-3.68632	-5.94456	-6.12935	0.125	0.375	0.125	0.375	-0.0229529
1	-0.0229529	-3.68632	-5.94456	0.375	0.125	0.375	0.125	-2.86478
1	-2.86478	-0.0229529	-3.68632	0.125	0.375	0.125	0.375	-2.2227
1	-2.2227	-2.86478	-0.0229529	-0.125	0.125	0.375	0.125	-4.35454
1	-4.35454	-2.2227	-2.86478	0.375	-0.125	0.125	0.375	-1.65231
1	-1.65231	-4.35454	-2.2227	0.125	0.375	-0.125	0.125	3.24919
1	3.24919	-1.65231	-4.35454	0.375	0.125	0.375	-0.125	-2.65608
1	-2.65608	3.24919	-1.65231	-0.625	0.375	0.125	0.375	-4.25988
1	-4.25988	-2.65608	3.24919	0.375	-0.625	0.375	0.125	-4.76386
1	-4.76386	-4.25988	-2.65608	-0.125	0.375	-0.625	0.375	8.4594
1	8.4594	-4.76386	-4.25988	-0.125	-0.125	0.375	-0.625	-0.248517
1	-0.248517	8.4594	-4.76386	-0.375	-0.125	-0.125	0.375	-2.34386
1	-2.34386	-0.248517	8.4594	0.125	-0.375	-0.125	-0.125	1.20769
1	1.20769	-2.34386	-0.248517	-0.125	0.125	-0.375	-0.125	6.27215
1	6.27215	1.20769	-2.34386	-0.625	-0.125	0.125	-0.375	-0.68733
1	-0.68733	6.27215	1.20769	-0.375	-0.625	-0.125	0.125	-1.64092
1	-1.64092	-0.68733	6.27215	0.125	-0.375	-0.625	-0.125	8.09506
1	8.09506	-1.64092	-0.68733	-0.125	0.125	-0.375	-0.625	8.17648
1	8.17648	8.09506	-1.64092	-0.625	-0.125	0.125	-0.375	-2.96361
1	-2.96361	8.17648	8.09506	0.375	-0.625	-0.125	0.125	-2.35028
1	-2.35028	-2.96361	8.17648	0.125	0.375	-0.625	-0.125	9.04564
1	9.04564	-2.35028	-2.96361	-0.125	0.125	0.375	-0.625	-0.994165
1	-0.994165	9.04564	-2.35028	-0.125	-0.125	0.125	0.375	-5.80456
1	-5.80456	-0.994165	9.04564	-0.375	-0.125	-0.125	0.125	-0.0132021
1	-0.0132021	-5.80456	-0.994165	0.375	-0.375	-0.125	-0.125	4.4425
1	4.4425	-0.0132021	-5.80456	0.125	0.375	-0.375	-0.125	6.59035
1	6.59035	4.4425	-0.0132021	-0.125	0.125	0.375	-0.375	-4.60332
1	-4.60332	6.59035	4.4425	-0.625	-0.125	0.125	0.375	-6.36033
1	-6.36033	-4.60332	6.59035	0.375	-0.625	-0.125	0.125	1.91524
1	1.91524	-6.36033	-4.60332	-0.625	0.375	-0.625	-0.125	10.9594
1	10.9594	1.91524	-6.36033	-0.125	-0.625	0.375	-0.625	-2.40974
1	-2.40974	10.9594	1.91524	-0.125	-0.125	-0.625	0.375	2.73132
1	2.73132	-2.40974	10.9594	-0.625	-0.125	-0.125	-0.625	3.08196
1	3.08196	2.73132	-2.40974	-0.625	-0.625	-0.125	-0.125	0.766223
1	0.766223	3.08196	2.73132	0.375	-0.625	-0.625	-0.125	7.42933
1	7.42933	0.766223	3.08196	-0.375	0.375	-0.625	-0.625	10.0576
1	10.0576	7.42933	0.766223	-0.375	-0.375	0.375	-0.625	-5.12546
1	-5.12546	10.0576	7.42933	-0.625	-0.375	-0.375	0.375	-1.52131
1	-1.52131	-5.12546	10.0576	0.375	-0.625	-0.375	-0.375	6.9677
1	6.9677	-1.52131	-5.12546	-0.125	0.375	-0.625	-0.375	11.0386
1	11.0386	6.9677	-1.52131	0.375	-0.125	0.375	-0.625	-3.82304
1	-3.82304	11.0386	6.9677	0.125	0.375	-0.125	0.375	-3.81866
1	-3.81866	-3.82304	11.0386	0.125	0.125	0.375	-0.125	-4.10216
1	-4.10216	-3.81866	-3.82304	-0.625	0.125	0.125	0.375	-1.84333
1	-1.84333	-4.10216	-3.81866	0.125	-0.625	0.125	0.125	-0.453896
1	-0.453896	-1.84333	-4.10216	0.125	0.125	-0.625	0.125	8.99168
1	8.99168	-0.453896	-1.84333	-0.375	0.125	0.125	-0.625	1.20329
1	1.20329	8.99168	-0.453896	-0.375	-0.375	0.125	0.125	-5.37724
1	-5.37724	1.20329	8.99168	-0.125	-0.375	-0.375	0.125	2.63257
1	2.63257	-5.37724	1.20329	0.375	-0.125	-0.375	-0.375	8.44915
1	8.44915	2.63257	-5.37724	-0.125	0.375	-0.125	-0.375	3.26553
1	3.26553	8.44915	2.63257	0.125	-0.125	0.375	-0.125	-7.1411
1	-7.1411	3.26553	8.44915	0.125	0.125	-0.125	0.375	-1.66843
1	-1.66843	-7.1411	3.26553	0.375	0.125	0.125	-0.125	1.40177
1	1.40177	-1.66843	-7.1411	0.375	0.375	0.125	0.125	0.0491458
1	0.0491458	1.40177	-1.66843	-0.125	0.375	0.375	0.125	-5.36845
1	-5.36845	0.0491458	1.40177	0.375	-0.125	0.375	0.375	-6.13828
1	-6.13828	-5.36845	0.0491458	-0.375	0.375	-0.125	0.375	1.76224
1	1.76224	-6.13828	-5.36845	-0.625	-0.375	0.375	-0.125	-2.39294
1	-2.39294	1.76224	-6.13828	0.125	-0.625	-0.375	0.375	3.38398
1	3.38398	-2.39294	1.76224	0.125	0.125	-0.625	-0.375	10.5093
1	10.5093	3.38398	-2.39294	-0.125	0.125	0.125	-0.625	0.321517
1	0.321517	10.5093	3.38398	-0.625	-0.125	0.125	0.125	-6.44092
1	-6.44092	0.321517	10.5093	-0.625	-0.625	-0.125	0.125	-1.13979
1	-1.13979	-6.44092	0.321517	0.375	-0.625	-0.625	-0.125	10.7949
1	10.7949	-1.13979	-6.44092	-0.125	0.375	-0.625	-0.625	12.0899
1	12.0899	10.7949	-1.13979	-0.125	-0.125	0.375	-0.625	-5.59024
1	-5.59024	12.0899	10.7949	-0.125	-0.125	-0.125	0.375	-5.17245
1	-5.17245	-5.59024	12.0899	0.375	-0.125	-0.125	-0.125	2.89987
1	2.89987	-5.17245	-5.59024	0.125	0.375	-0.125	-0.125	5.01573
1	5.01573	2.89987	-5.17245	-0.625	0.125	0.375	-0.125	-5.01088
1	-5.01088	5.01573	2.89987	0.375	-0.625	0.125	0.375	-4.97984
1	-4.97984	-5.01088	5.01573	0.125	0.375	-0.625	0.125	9.03243
1	9.03243	-4.97984	-5.01088	-0.625	0.125	0.375	-0.625	-0.414448
1	-0.414448	9.03243	-4.97984	0.375	-0.625	0.125	0.375	-5.27479
1	-5.27479	-0.414448	9.03243	-0.375	0.375	-0.625	0.125	6.54771
1	6.54771	-5.27479	-0.414448	-0.375	-0.375	0.375	-0.625	-0.924715
1	-0.924715	6.54771	-5.27479	-0.125	-0.375	-0.375	0.375	1.67006
1	1.67006	-0.924715	6.54771	0.375	-0.125	-0.375	-0.375	6.32453
1	6.32453	1.67006	-0.924715	-0.625	0.375	-0.125	-0.375	2.53443
1	2.53443	6.32453	1.67006	0.125	-0.625	0.375	-0.125	-6.62733
1	-6.62733	2.53443	6.32453	-0.375	0.125	-0.625	0.375	4.78179
1	4.78179	-6.62733	2.53443	0.125	-0.375	0.125	-0.625	2.85775
1	2.85775	4.78179	-6.62733	-0.375	0.125	-0.375	0.125	3.4936
1	3.4936	2.85775	4.78179	0.125	-0.375	0.125	-0.375	-1.51573
1	-1.51573	3.4936	2.85775	0.375	0.125	-0.375	0.125	3.47998
1	3.47998	-1.51573	3.4936	-0.375	0.375	0.125	-0.375	0.00638703
1	0.00638703	3.47998	-1.51573	-0.125	-0.375	0.375	0.125	-6.45595
1	-6.45595	0.00638703	3.47998	-0.125	-0.125	-0.375	0.375	2.80246
1	2.80246	-6.45595	0.00638703	0.125	-0.125	-0.125	-0.375	5.4446
1	5.4446	2.80246	-6.45595	-0.375	0.125	-0.125	-0.125	1.90443
1	1.90443	5.4446	2.80246	-0.375	-0.375	0.125	-0.125	-3.63054
1	-3.63054	1.90443	5.4446	-0.625	-0.375	-0.375	0.125	2.36156
1	2.36156	-3.63054	1.90443	-0.375	-0.625	-0.375	-0.375	6.75082
1	6.75082	2.36156	-3.63054	-0.375	-0.375	-0.625	-0.375	8.90085
1	8.90085	6.75082	2.36156	-0.375	-0.375	-0.375	-0.625	4.55529
1	4.55529	8.90085	6.75082	-0.625	-0.375	-0.375	-0.375	2.05559
1	2.05559	4.55529	8.90085	-0.625	-0.625	-0.375	-0.375	3.03483
1	3.03483	2.05559	4.55529	-0.375	-0.625	-0.625	-0.375	7.8546
1	7.8546	3.03483	2.05559	-0.625	-0.375	-0.625	-0.625	8.77815
1	8.77815	7.8546	3.03483	0.125	-0.625	-0.375	-0.625	4.49168
1	4.49168	8.77815	7.8546	0.125	0.125	-0.625	-0.375	6.23281
1	6.23281	4.49168	8.77815	0.375	0.125	0.125	-0.625	-0.900473
1	-0.900473	6.23281	4.49168	-0.125	0.375	0.125	0.125	-4.38976
1	-4.38976	-0.900473	6.23281	0.125	-0.125	0.375	0.125	-5.62795
1	-5.62795	-4.38976	-0.900473	-0.625	0.125	-0.125	0.375	1.1875
1	1.1875	-5.62795	-4.38976	-0.625	-0.625	0.125	-0.125	0.401091
1	0.401091	1.1875	-5.62795	-0.375	-0.625	-0.625	0.125	7.27457
1	7.27457	0.401091	1.1875	0.375	-0.375	-0.625	-0.625	10.69
1	10.69	7.27457	0.401091	-0.625	0.375	-0.375	-0.625	4.84075
1	4.84075	10.69	7.27457	-0.125	-0.625	0.375	-0.375	-7.91678
1	-7.91678	4.84075	10.69	0.125	-0.125	-0.625	0.375	3.87667
1	3.87667	-7.91678	4.84075	0.125	0.125	-0.125	-0.625	6.51774
1	6.51774	3.87667	-7.91678	-0.625	0.125	0.125	-0.125	-1.71794
1	-1.71794	6.51774	3.87667	0.375	-0.625	0.125	0.125	-4.54717
1	-4.54717	-1.71794	6.51774	-0.375	0.375	-0.625	0.125	7.30287
1	7.30287	-4.54717	-1.71794	-0.625	-0.375	0.375	-0.625	-1.2517
1	-1.2517	7.30287	-4.54717	-0.625	-0.625	-0.375	0.375	0.68803
1	0.68803	-1.2517	7.30287	0.375	-0.625	-0.625	-0.375	9.27016
1	9.27016	0.68803	-1.2517	-0.125	0.375	-0.625	-0.625	10.8862
1	10.8862	9.27016	0.68803	0.125	-0.125	0.375	-0.625	-5.06675
1	-5.06675	10.8862	9.27016	-0.125	0.125	-0.125	0.375	-4.44712
1	-4.44712	-5.06675	10.8862	-0.625	-0.125	0.125	-0.125	-1.34993
1	-1.34993	-4.44712	-5.06675	-0.625	-0.625	-0.125	0.125	2.33639
1	2.33639	-1.34993	-4.44712	-0.625	-0.625	-0.625	-0.125	8.7214
1	8.7214	2.33639	-1.34993	-0.125	-0.625	-0.625	-0.625	9.74731
1	9.74731	8.7214	2.33639	0.375	-0.125	-0.625	-0.625	8.06577
1	8.06577	9.74731	8.7214	-0.375	0.375	-0.125	-0.625	0.0456386
1	0.0456386	8.06577	9.74731	0.375	-0.375	0.375	-0.125	-7.75679
1	-7.75679	0.0456386	8.06577	-0.125	0.375	-0.375	0.375	2.55057
1	2.55057	-7.75679	0.0456386	-0.375	-0.125	0.375	-0.375	-1.08926
1	-1.08926	2.55057	-7.75679	0.125	-0.375	-0.125	0.375	0.271382
1	0.271382	-1.08926	2.55057	-0.625	0.125	-0.375	-0.125	4.97359
1	4.97359	0.271382	-1.08926	-0.125	-0.625	0.125	-0.375	-0.332075
1	-0.332075	4.97359	0.271382	-0.125	-0.125	-0.625	0.125	5.89379
1	5.89379	-0.332075	4.97359	0.125	-0.125	-0.125	-0.625	3.91147
1	3.91147	5.89379	-0.332075	0.375	0.125	-0.125	-0.125	0.926707
1	0.926707	3.91147	5.89379	0.375	0.375	0.125	-0.125	-2.31608
1	-2.31608	0.926707	3.91147	-0.125	0.375	0.375	0.125	-5.87
1	-5.87	-2.31608	0.926707	0.125	-0.125	0.375	0.375	-5.56013
1	-5.56013	-5.87	-2.31608	0.375	0.125	-0.125	0.375	2.81675
1	2.81675	-5.56013	-5.87	0.375	0.375	0.125	-0.125	2.14916
1	2.14916	2.81675	-5.56013	0.125	0.375	0.375	0.125	-5.07965
1	-5.07965	2.14916	2.81675	-0.625	0.125	0.375	0.375	-7.84622
1	-7.84622	-5.07965	2.14916	0.375	-0.625	0.125	0.375	-1.65459
1	-1.65459	-7.84622	-5.07965	0.125	0.375	-0.625	0.125	11.1864
1	11.1864	-1.65459	-7.84622	-0.375	0.125	0.375	-0.625	-0.900136
1	-0.900136	11.1864	-1.65459	-0.375	-0.375	0.125	0.375	-6.98413
1	-6.98413	-0.900136	11.1864	-0.625	-0.375	-0.375	0.125	2.52375
1	2.52375	-6.98413	-0.900136	-0.125	-0.625	-0.375	-0.375	8.43318
1	8.43318	2.52375	-6.98413	-0.375	-0.125	-0.625	-0.375	9.40505
1	9.40505	8.43318	2.52375	-0.375	-0.375	-0.125	-0.625	0.761668
1	0.761668	9.40505	8.43318	-0.375	-0.375	-0.375	-0.125	0.896694
1	0.896694	0.761668	9.40505	-0.375	-0.375	-0.375	-0.375	4.57984
1	4.57984	0.896694	0.761668	0.125	-0.375	-0.375	-0.375	6.1153
1	6.1153	4.57984	0.896694	-0.125	0.125	-0.375	-0.375	4.94608
1	4.94608	6.1153	4.57984	-0.625	-0.125	0.125	-0.375	-3.10363
1	-3.10363	4.94608	6.1153	0.375	-0.625	-0.125	0.125	-1.05811
1	-1.05811	-3.10363	4.94608	0.125	0.375	-0.625	-0.125	9.48564
1	9.48564	-1.05811	-3.10363	-0.625	0.125	0.375	-0.625	-1.89747
1	-1.89747	9.48564	-1.05811	-0.375	-0.625	0.125	0.375	-6.65049
1	-6.65049	-1.89747	9.48564	-0.375	-0.375	-0.625	0.125	6.53239
1	6.53239	-6.65049	-1.89747	-0.625	-0.375	-0.375	-0.625	9.13335
1	9.13335	6.53239	-6.65049	-0.375	-0.625	-0.375	-0.375	4.56381
1	4.56381	9.13335	6.53239	-0.625	-0.375	-0.625	-0.375	5.20849
1	5.20849	4.56381	9.13335	0.375	-0.625	-0.375	-0.625	5.0425
1	5.0425	5.20849	4.56381	-0.125	0.375	-0.625	-0.375	7.69292
1	7.69292	5.0425	5.20849	-0.375	-0.125	0.375	-0.625	-4.76778
1	-4.76778	7.69292	5.0425	0.125	-0.375	-0.125	0.375	-2.93754
1	-2.93754	-4.76778	7.69292	0.375	0.125	-0.375	-0.125	6.54313
1	6.54313	-2.93754	-4.76778	0.375	0.375	0.125	-0.375	2.25114
1	2.25114	6.54313	-2.93754	-0.625	0.375	0.375	0.125	-7.33588
1	-7.33588	2.25114	6.54313	0.125	-0.625	0.375	0.375	-8.02628
1	-8.02628	-7.33588	2.25114	-0.625	0.125	-0.625	0.375	8.18892
1	8.18892	-8.02628	-7.33588	-0.625	-0.625	0.125	-0.625	3.61938
1	3.61938	8.18892	-8.02628	0.375	-0.625	-0.625	0.125	6.08984
1	6.08984	3.61938	8.18892	-0.625	0.375	-0.625	-0.625	8.23175
1	8.23175	6.08984	3.61938	0.125	-0.625	0.375	-0.625	-4.68613
1	-4.68613	8.23175	6.08984	-0.375	0.125	-0.625	0.375	3.00775
1	3.00775	-4.68613	8.23175	-0.125	-0.375	0.125	-0.625	1.28172
1	1.28172	3.00775	-4.68613	-0.375	-0.125	-0.375	0.125	3.68628
1	3.68628	1.28172	3.00775	0.375	-0.375	-0.125	-0.375	2.69011
1	2.69011	3.68628	1.28172	0.125	0.375	-0.375	-0.125	4.54666
1	4.54666	2.69011	3.68628	-0.125	0.125	0.375	-0.375	-4.4843
1	-4.4843	4.54666	2.69011	-0.625	-0.125	0.125	0.375	-5.48142
1	-5.48142	-4.4843	4.54666	0.375	-0.625	-0.125	0.125	2.12607
1	2.12607	-5.48142	-4.4843	-0.375	0.375	-0.625	-0.125	10.9089
1	10.9089	2.12607	-5.48142	0.125	-0.375	0.375	-0.625	-2.18815
1	-2.18815	10.9089	2.12607	0.125	0.125	-0.375	0.375	-0.106955
1	-0.106955	-2.18815	10.9089	-0.375	0.125	0.125	-0.375	-0.852363
1	-0.852363	-0.106955	-2.18815	-0.625	-0.375	0.125	0.125	-2.48097
1	-2.48097	-0.852363	-0.106955	-0.125	-0.625	-0.375	0.125	4.26426
1	4.26426	-2.48097	-0.852363	-0.125	-0.125	-0.625	-0.375	10.4843
1	10.4843	4.26426	-2.48097	-0.125	-0.125	-0.125	-0.625	3.12542
1	3.12542	10.4843	4.26426	0.125	-0.125	-0.125	-0.125	-1.52438
1	-1.52438	3.12542	10.4843	0.375	0.125	-0.125	-0.125	0.458114
1	0.458114	-1.52438	3.12542	-0.375	0.375	0.125	-0.125	-0.960661
1	-0.960661	0.458114	-1.52438	-0.125	-0.375	0.375	0.125	-5.49631
1	-5.49631	-0.960661	0.458114	-0.625	-0.125	-0.375	0.375	2.98549
1	2.98549	-5.49631	-0.960661	-0.375	-0.625	-0.125	-0.375	4.45545
1	4.45545	2.98549	-5.49631	-0.375	-0.375	-0.625	-0.125	7.88563
1	7.88563	4.45545	2.98549	-0.125	-0.375	-0.375	-0.625	5.45072
1	5.45072	7.88563	4.45545	-0.375	-0.125	-0.375	-0.375	3.06307
1	3.06307	5.45072	7.88563	-0.375	-0.375	-0.125	-0.375	0.0384883
1	0.0384883	3.06307	5.45072	-0.125	-0.375	-0.375	-0.125	3.54908
1	3.54908	0.0384883	3.06307	-0.375	-0.125	-0.375	-0.375	5.73642
1	5.73642	3.54908	0.0384883	0.125	-0.375	-0.125	-0.375	2.11417
1	2.11417	5.73642	3.54908	-0.125	0.125	-0.375	-0.125	3.20648
1	3.20648	2.11417	5.73642	-0.125	-0.125	0.125	-0.375	-1.46827
1	-1.46827	3.20648	2.11417	0.375	-0.125	-0.125	0.125	0.290825
1	0.290825	-1.46827	3.20648	-0.375	0.375	-0.125	-0.125	2.21305
1	2.21305	0.290825	-1.46827	-0.625	-0.375	0.375	-0.125	-4.9099
1	-4.9099	2.21305	0.290825	-0.625	-0.625	-0.375	0.375	1.70351
1	1.70351	-4.9099	2.21305	-0.625	-0.625	-0.625	-0.375	10.0807
1	10.0807	1.70351	-4.9099	0.375	-0.625	-0.625	-0.625	10.9125
1	10.9125	10.0807	1.70351	-0.125	0.375	-0.625	-0.625	7.4964
1	7.4964	10.9125	10.0807	-0.375	-0.125	0.375	-0.625	-7.24734
1	-7.24734	7.4964	10.9125	-0.375	-0.375	-0.125	0.375	-4.08976
1	-4.08976	-7.24734	7.4964	-0.625	-0.375	-0.375	-0.125	6.07887
1	6.07887	-4.08976	-7.24734	-0.375	-0.625	-0.375	-0.375	8.04172
1	8.04172	6.07887	-4.08976	-0.125	-0.375	-0.625	-0.375	7.99808
1	7.99808	8.04172	6.07887	-0.125	-0.125	-0.375	-0.625	4.0789
1	4.0789	7.99808	8.04172	0.125	-0.125	-0.125	-0.375	-0.137276
1	-0.137276	4.0789	7.99808	-0.125	0.125	-0.125	-0.125	-0.0233363
1	-0.0233363	-0.137276	4.0789	0.375	-0.125	0.125	-0.125	-1.07277
1	-1.07277	-0.0233363	-0.137276	-0.125	0.375	-0.125	0.125	1.38639
1	1.38639	-1.07277	-0.0233363	-0.375	-0.125	0.375	-0.125	-4.26977
1	-4.26977	1.38639	-1.07277	-0.625	-0.375	-0.125	0.375	-0.94059
1	-0.94059	-4.26977	1.38639	-0.375	-0.625	-0.375	-0.125	5.95743
1	5.95743	-0.94059	-4.26977	-0.125	-0.375	-0.625	-0.375	10.2775
1	10.2775	5.95743	-0.94059	0.375	-0.125	-0.375	-0.625	6.11352
1	6.11352	10.2775	5.95743	-0.625	0.375	-0.125	-0.375	-1.07939
1	-1.07939	6.11352	10.2775	-0.375	-0.625	0.375	-0.125	-8.10906
1	-8.10906	-1.07939	6.11352	-0.625	-0.375	-0.625	0.375	5.43833
1	5.43833	-8.10906	-1.07939	-0.375	-0.625	-0.375	-0.625	9.58653
1	9.58653	5.43833	-8.10906	0.125	-0.375	-0.625	-0.375	8.97125
1	8.97125	9.58653	5.43833	0.375	0.125	-0.375	-0.625	4.30259
1	4.30259	8.97125	9.58653	0.375	0.375	0.125	-0.375	-3.32398
1	-3.32398	4.30259	8.97125	-0.125	0.375	0.375	0.125	-7.5598
1	-7.5598	-3.32398	4.30259	-0.375	-0.125	0.375	0.375	-6.14379
1	-6.14379	-7.5598	-3.32398	-0.625	-0.375	-0.125	0.375	2.19461
1	2.19461	-6.14379	-7.5598	0.125	-0.625	-0.375	-0.125	8.15832
1	8.15832	2.19461	-6.14379	-0.375	0.125	-0.625	-0.375	9.53124
1	9.53124	8.15832	2.19461	-0.625	-0.375	0.125	-0.625	-2.5858
1	-2.5858	9.53124	8.15832	-0.625	-0.625	-0.375	0.125	-0.547743
1	-0.547743	-2.5858	9.53124	-0.625	-0.625	-0.625	-0.375	8.45732
1	8.45732	-0.547743	-2.5858	0.125	-0.625	-0.625	-0.625	11.1118
1	11.1118	8.45732	-0.547743	0.125	0.125	-0.625	-0.625	8.40197
1	8.40197	11.1118	8.45732	0.125	0.125	0.125	-0.625	-3.24
1	-3.24	8.40197	11.1118	-0.625	0.125	0.125	0.125	-6.55076
1	-6.55076	-3.24	8.40197	-0.625	-0.625	0.125	0.125	-2.95017
1	-2.95017	-6.55076	-3.24	-0.375	-0.625	-0.625	0.125	9.47611
1	9.47611	-2.95017	-6.55076	0.125	-0.375	-0.625	-0.625	12.4747
1	12.4747	9.47611	-2.95017	0.125	0.125	-0.375	-0.625	5.13618
1	5.13618	12.4747	9.47611	0.125	0.125	0.125	-0.375	-4.84727
1	-4.84727	5.13618	12.4747	-0.125	0.125	0.125	0.125	-5.17983
1	-5.17983	-4.84727	5.13618	-0.125	-0.125	0.125	0.125	-1.23408
1	-1.23408	-5.17983	-4.84727	0.375	-0.125	-0.125	0.125	3.8184
1	3.8184	-1.23408	-5.17983	-0.625	0.375	-0.125	-0.125	2.90965
1	2.90965	3.8184	-1.23408	0.375	-0.625	0.375	-0.125	-5.23373
1	-5.23373	2.90965	3.8184	0.125	0.375	-0.625	0.375	5.61259
1	5.61259	-5.23373	2.90965	0.375	0.125	0.375	-0.625	-0.322959
1	-0.322959	5.61259	-5.23373	0.375	0.375	0.125	0.375	-3.54172
1	-3.54172	-0.322959	5.61259	0.375	0.375	0.375	0.125	-5.22033
1	-5.22033	-3.54172	-0.322959	-0.375	0.375	0.375	0.375	-5.21496
1	-5.21496	-5.22033	-3.54172	-0.125	-0.375	0.375	0.375	-4.49292
1	-4.49292	-5.21496	-5.22033	0.375	-0.125	-0.375	0.375	6.0366
1	6.0366	-4.49292	-5.21496	-0.625	0.375	-0.125	-0.375	4.98784
1	4.98784	6.0366	-4.49292	0.375	-0.625	0.375	-0.125	-5.53294
1	-5.53294	4.98784	6.0366	0.125	0.375	-0.625	0.375	4.66618
1	4.66618	-5.53294	4.98784	0.125	0.125	0.375	-0.625	-0.729357
1	-0.729357	4.66618	-5.53294	0.375	0.125	0.125	0.375	-3.34477
1	-3.34477	-0.729357	4.66618	0.375	0.375	0.125	0.125	-1.74608
1	-1.74608	-3.34477	-0.729357	-0.375	0.375	0.375	0.125	-4.18999
1	-4.18999	-1.74608	-3.34477	-0.125	-0.375	0.375	0.375	-5.62214
1	-5.62214	-4.18999	-1.74608	-0.375	-0.125	-0.375	0.375	4.5295
1	4.5295	-5.62214	-4.18999	0.375	-0.375	-0.125	-0.375	5.78759
1	5.78759	4.5295	-5.62214	-0.125	0.375	-0.375	-0.125	4.86467
1	4.86467	5.78759	4.5295	-0.625	-0.125	0.375	-0.375	-6.24255
1	-6.24255	4.86467	5.78759	-0.125	-0.625	-0.125	0.375	-2.53165
1	-2.53165	-6.24255	4.86467	-0.125	-0.125	-0.625	-0.125	9.94664
1	9.94664	-2.53165	-6.24255	-0.625	-0.125	-0.125	-0.625	5.27004
1	5.27004	9.94664	-2.53165	0.125	-0.625	-0.125	-0.125	-0.815242
1	-0.815242	5.27004	9.94664	-0.625	0.125	-0.625	-0.125	5.27892
1	5.27892	-0.815242	5.27004	0.125	-0.625	0.125	-0.625	0.535607
1	0.535607	5.27892	-0.815242	0.125	0.125	-0.625	0.125	6.34984
1	6.34984	0.535607	5.27892	-0.625	0.125	0.125	-0.625	-0.236465
1	-0.236465	6.34984	0.535607	0.125	-0.625	0.125	0.125	-4.286
1	-4.286	-0.236465	6.34984	-0.625	0.125	-0.625	0.125	6.44504
1	6.44504	-4.286	-0.236465	-0.625	-0.625	0.125	-0.625	1.56142
1	1.56142	6.44504	-4.286	-0.125	-0.625	-0.625	0.125	5.70113
1	5.70113	1.56142	6.44504	-0.625	-0.125	-0.625	-0.625	8.81926
1	8.81926	5.70113	1.56142	-0.375	-0.625	-0.125	-0.625	1.64456
1	1.64456	8.81926	5.70113	0.125	-0.375	-0.625	-0.125	5.14793
1	5.14793	1.64456	8.81926	-0.625	0.125	-0.375	-0.625	5.44857
1	5.44857	5.14793	1.64456	-0.125	-0.625	0.125	-0.375	-2.20089
1	-2.20089	5.44857	5.14793	-0.625	-0.125	-0.625	0.125	4.64505
1	4.64505	-2.20089	5.44857	-0.375	-0.625	-0.125	-0.625	3.66653
1	3.66653	4.64505	-2.20089	-0.625	-0.375	-0.625	-0.125	6.71911
1	6.71911	3.66653	4.64505	0.375	-0.625	-0.375	-0.625	5.85787
1	5.85787	6.71911	3.66653	-0.625	0.375	-0.625	-0.375	6.81041
1	6.81041	5.85787	6.71911	-0.625	-0.625	0.375	-0.625	-5.76254
1	-5.76254	6.81041	5.85787	-0.375	-0.625	-0.625	0.375	3.05545
1	3.05545	-5.76254	6.81041	-0.375	-0.375	-0.625	-0.625	11.2349
1	11.2349	3.05545	-5.76254	-0.125	-0.375	-0.375	-0.625	7.02299
1	7.02299	11.2349	3.05545	0.125	-0.125	-0.375	-0.375	2.64552
1	2.64552	7.02299	11.2349	-0.125	0.125	-0.125	-0.375	-0.336992
1	-0.336992	2.64552	7.02299	-0.375	-0.125	0.125	-0.125	-3.06248
1	-3.06248	-0.336992	2.64552	-0.625	-0.375	-0.125	0.125	0.206749
1	0.206749	-3.06248	-0.336992	-0.125	-0.625	-0.375	-0.125	6.05028
1	6.05028	0.206749	-3.06248	0.125	-0.125	-0.625	-0.375	10.1549
1	10.1549	6.05028	0.206749	0.375	0.125	-0.125	-0.625	2.86426
1	2.86426	10.1549	6.05028	-0.125	0.375	0.125	-0.125	-4.81673
1	-4.81673	2.86426	10.1549	0.375	-0.125	0.375	0.125	-7.05655
1	-7.05655	-4.81673	2.86426	-0.625	0.375	-0.125	0.375	1.01483
1	1.01483	-7.05655	-4.81673	0.125	-0.625	0.375	-0.125	-1.55842
1	-1.55842	1.01483	-7.05655	0.375	0.125	-0.625	0.375	7.65826
1	7.65826	-1.55842	1.01483	-0.125	0.375	0.125	-0.625	1.58658
1	1.58658	7.65826	-1.55842	-0.375	-0.125	0.375	0.125	-7.8881
1	-7.8881	1.58658	7.65826	0.375	-0.375	-0.125	0.375	-1.09522
1	-1.09522	-7.8881	1.58658	0.375	0.375	-0.375	-0.125	8.44965
1	8.44965	-1.09522	-7.8881	-0.625	0.375	0.375	-0.375	-2.19375
1	-2.19375	8.44965	-1.09522	-0.625	-0.625	0.375	0.375	-9.81055
1	-9.81055	-2.19375	8.44965	-0.625	-0.625	-0.625	0.375	5.31774
1	5.31774	-9.81055	-2.19375	0.125	-0.625	-0.625	-0.625	14.0014
1	14.0014	5.31774	-9.81055	-0.125	0.125	-0.625	-0.625	10.3026
1	10.3026	14.0014	5.31774	0.375	-0.125	0.125	-0.625	-3.69432
1	-3.69432	10.3026	14.0014	-0.625	0.375	-0.125	0.125	-4.14803
1	-4.14803	-3.69432	10.3026	-0.625	-0.625	0.375	-0.125	-5.22148
1	-5.22148	-4.14803	-3.69432	-0.375	-0.625	-0.625	0.375	7.73561
1	7.73561	-5.22148	-4.14803	-0.125	-0.375	-0.625	-0.625	12.6457
1	12.6457	7.73561	-5.22148	-0.125	-0.125	-0.375	-0.625	5.5817
1	5.5817	12.6457	7.73561	-0.125	-0.125	-0.125	-0.375	-1.86144
1	-1.86144	5.5817	12.6457	0.125	-0.125	-0.125	-0.125	-0.977267
1	-0.977267	-1.86144	5.5817	0.125	0.125	-0.125	-0.125	2.42865
1	2.42865	-0.977267	-1.86144	0.375	0.125	0.125	-0.125	0.0727543
1	0.0727543	2.42865	-0.977267	0.125	0.375	0.125	0.125	-2.28527
1	-2.28527	0.0727543	2.42865	-0.375	0.125	0.375	0.125	-5.83381
1	-5.83381	-2.28527	0.0727543	-0.125	-0.375	0.125	0.375	-2.63753
1	-2.63753	-5.83381	-2.28527	-0.625	-0.125	-0.375	0.125	5.91959
1	5.91959	-2.63753	-5.83381	0.125	-0.625	-0.125	-0.375	4.64494
1	4.64494	5.91959	-2.63753	-0.125	0.125	-0.625	-0.125	7.12753
1	7.12753	4.64494	5.91959	0.375	-0.125	0.125	-0.625	-0.77462
1	-0.77462	7.12753	4.64494	0.125	0.375	-0.125	0.125	-1.22374
1	-1.22374	-0.77462	7.12753	0.125	0.125	0.375	-0.125	-4.59123
1	-4.59123	-1.22374	-0.77462	-0.375	0.125	0.125	0.375	-2.80922
1	-2.80922	-4.59123	-1.22374	-0.375	-0.375	0.125	0.125	-0.96412
1	-0.96412	-2.80922	-4.59123	0.125	-0.375	-0.375	0.125	5.84419
1	5.84419	-0.96412	-2.80922	0.125	0.125	-0.375	-0.375	7.40073
1	7.40073	5.84419	-0.96412	0.375	0.125	0.125	-0.375	-1.19222
1	-1.19222	7.40073	5.84419	0.375	0.375	0.125	0.125	-4.46012
1	-4.46012	-1.19222	7.40073	-0.125	0.375	0.375	0.125	-5.63125
1	-5.63125	-4.46012	-1.19222	0.375	-0.125	0.375	0.375	-4.35442
1	-4.35442	-5.63125	-4.46012	0.375	0.375	-0.125	0.375	3.14836
1	3.14836	-4.35442	-5.63125	0.375	0.375	0.375	-0.125	-1.49873
1	-1.49873	3.14836	-4.35442	0.375	0.375	0.375	0.375	-6.1242
1	-6.1242	-1.49873	3.14836	0.125	0.375	0.375	0.375	-5.82754
1	-5.82754	-6.1242	-1.49873	-0.375	0.125	0.375	0.375	-4.40389
1	-4.40389	-5.82754	-6.1242	-0.375	-0.375	0.125	0.375	-1.00417
1	-1.00417	-4.40389	-5.82754	0.375	-0.375	-0.375	0.125	6.73877
1	6.73877	-1.00417	-4.40389	0.375	0.375	-0.375	-0.375	8.00537
1	8.00537	6.73877	-1.00417	0.125	0.375	0.375	-0.375	-4.80736
1	-4.80736	8.00537	6.73877	-0.375	0.125	0.375	0.375	-9.92947
1	-9.92947	-4.80736	8.00537	-0.375	-0.375	0.125	0.375	-3.05954
1	-3.05954	-9.92947	-4.80736	-0.375	-0.375	-0.375	0.125	7.662
1	7.662	-3.05954	-9.92947	-0.625	-0.375	-0.375	-0.375	7.9063
1	7.9063	7.662	-3.05954	-0.125	-0.625	-0.375	-0.375	3.98263
1	3.98263	7.9063	7.662	-0.375	-0.125	-0.625	-0.375	5.86666
1	5.86666	3.98263	7.9063	-0.375	-0.375	-0.125	-0.625	1.55244
1	1.55244	5.86666	3.98263	0.375	-0.375	-0.375	-0.125	3.34136
1	3.34136	1.55244	5.86666	-0.375	0.375	-0.375	-0.375	5.19713
1	5.19713	3.34136	1.55244	-0.375	-0.375	0.375	-0.375	-4.95602
1	-4.95602	5.19713	3.34136	0.375	-0.375	-0.375	0.375	1.53345
1	1.53345	-4.95602	5.19713	-0.375	0.375	-0.375	-0.375	7.34545
1	7.34545	1.53345	-4.95602	0.375	-0.375	0.375	-0.375	-2.82431
1	-2.82431	7.34545	1.53345	-0.125	0.375	-0.375	0.375	0.997715
1	0.997715	-2.82431	7.34545	0.375	-0.125	0.375	-0.375	-2.83482
1	-2.83482	0.997715	-2.82431	-0.125	0.375	-0.125	0.375	0.366826
1	0.366826	-2.83482	0.997715	-0.625	-0.125	0.375	-0.125	-4.09577
1	-4.09577	0.366826	-2.83482	0.125	-0.625	-0.125	0.375	0.20819
1	0.20819	-4.09577	0.366826	0.125	0.125	-0.625	-0.125	10.1943
1	10.1943	0.20819	-4.09577	-0.625	0.125	0.125	-0.625	1.03752
1	1.03752	10.1943	0.20819	-0.125	-0.625	0.125	0.125	-5.74625
1	-5.74625	1.03752	10.1943	-0.125	-0.125	-0.625	0.125	5.91364
1	5.91364	-5.74625	1.03752	-0.375	-0.125	-0.125	-0.625	5.65241
1	5.65241	5.91364	-5.74625	0.375	-0.375	-0.125	-0.125	1.28633
1	1.28633	5.65241	5.91364	0.125	0.375	-0.375	-0.125	3.318
1	3.318	1.28633	5.65241	-0.625	0.125	0.375	-0.375	-4.76823
1	-4.76823	3.318	1.28633	-0.125	-0.625	0.125	0.375	-4.70528
1	-4.70528	-4.76823	3.318	-0.625	-0.125	-0.625	0.125	8.1164
1	8.1164	-4.70528	-4.76823	-0.375	-0.625	-0.125	-0.625	5.72703
1	5.72703	8.1164	-4.70528	-0.375	-0.375	-0.625	-0.125	6.14546
1	6.14546	5.72703	8.1164	0.125	-0.375	-0.375	-0.625	4.66111
1	4.66111	6.14546	5.72703	-0.125	0.125	-0.375	-0.375	3.87148
1	3.87148	4.66111	6.14546	0.125	-0.125	0.125	-0.375	-2.07109
1	-2.07109	3.87148	4.66111	-0.125	0.125	-0.125	0.125	-0.588409
1	-0.588409	-2.07109	3.87148	0.375	-0.125	0.125	-0.125	-0.44347
1	-0.44347	-0.588409	-2.07109	-0.125	0.375	-0.125	0.125	1.80576
1	1.80576	-0.44347	-0.588409	0.125	-0.125	0.375	-0.125	-3.90553
1	-3.90553	1.80576	-0.44347	-0.125	0.125	-0.125	0.375	-0.358875
1	-0.358875	-3.90553	1.80576	0.375	-0.125	0.125	-0.125	0.379792
1	0.379792	-0.358875	-3.90553	-0.125	0.375	-0.125	0.125	1.95446
1	1.95446	0.379792	-0.358875	-0.375	-0.125	0.375	-0.125	-4.70143
1	-4.70143	1.95446	0.379792	0.125	-0.375	-0.125	0.375	-0.55278
1	-0.55278	-4.70143	1.95446	0.125	0.125	-0.375	-0.125	6.971
1	6.971	-0.55278	-4.70143	-0.625	0.125	0.125	-0.375	0.319624
1	0.319624	6.971	-0.55278	-0.625	-0.625	0.125	0.125	-5.12982
1	-5.12982	0.319624	6.971	0.375	-0.625	-0.625	0.125	6.74518
1	6.74518	-5.12982	0.319624	-0.625	0.375	-0.625	-0.625	12.0374
1	12.0374	6.74518	-5.12982	-0.375	-0.625	0.375	-0.625	-4.33105
1	-4.33105	12.0374	6.74518	-0.125	-0.375	-0.625	0.375	1.64455
1	1.64455	-4.33105	12.0374	0.125	-0.125	-0.375	-0.625	7.55192
1	7.55192	1.64455	-4.33105	0.125	0.125	-0.125	-0.375	3.58634
1	3.58634	7.55192	1.64455	-0.125	0.125	0.125	-0.125	-3.60398
1	-3.60398	3.58634	7.55192	0.125	-0.125	0.125	0.125	-3.99777
1	-3.99777	-3.60398	3.58634	0.375	0.125	-0.125	0.125	2.424
1	2.424	-3.99777	-3.60398	-0.375	0.375	0.125	-0.125	0.639953
1	0.639953	2.424	-3.99777	-0.375	-0.375	0.375	0.125	-6.08452
1	-6.08452	0.639953	2.424	-0.375	-0.375	-0.375	0.375	2.32716
1	2.32716	-6.08452	0.639953	0.125	-0.375	-0.375	-0.375	8.32534
1	8.32534	2.32716	-6.08452	0.125	0.125	-0.375	-0.375	6.77961
1	6.77961	8.32534	2.32716	-0.125	0.125	0.125	-0.375	-2.90015
1	-2.90015	6.77961	8.32534	0.375	-0.125	0.125	0.125	-4.85598
1	-4.85598	-2.90015	6.77961	0.375	0.375	-0.125	0.125	1.9532
1	1.9532	-4.85598	-2.90015	-0.125	0.375	0.375	-0.125	-2.14322
1	-2.14322	1.9532	-4.85598	0.375	-0.125	0.375	0.375	-5.96848
1	-5.96848	-2.14322	1.9532	-0.375	0.375	-0.125	0.375	0.481019
1	0.481019	-5.96848	-2.14322	0.125	-0.375	0.375	-0.125	-2.09199
1	-2.09199	0.481019	-5.96848	-0.125	0.125	-0.375	0.375	3.9726
1	3.9726	-2.09199	0.481019	-0.375	-0.125	0.125	-0.375	0.240929
1	0.240929	3.9726	-2.09199	-0.375	-0.375	-0.125	0.125	-0.343564
1	-0.343564	0.240929	3.9726	-0.375	-0.375	-0.375	-0.125	4.34735
1	4.34735	-0.343564	0.240929	0.125	-0.375	-0.375	-0.375	6.55661
1	6.55661	4.34735	-0.343564	-0.125	0.125	-0.375	-0.375	5.17254
1	5.17254	6.55661	4.34735	0.375	-0.125	0.125	-0.375	-2.21884
1	-2.21884	5.17254	6.55661	0.125	0.375	-0.125	0.125	-0.84568
1	-0.84568	-2.21884	5.17254	0.375	0.125	0.375	-0.125	-3.63323
1	-3.63323	-0.84568	-2.21884	-0.375	0.375	0.125	0.375	-2.60839
1	-2.60839	-3.63323	-0.84568	0.125	-0.375	0.375	0.125	-4.04843
1	-4.04843	-2.60839	-3.63323	0.375	0.125	-0.375	0.375	5.16744
1	5.16744	-4.04843	-2.60839	0.375	0.375	0.125	-0.375	2.29909
1	2.29909	5.16744	-4.04843	-0.125	0.375	0.375	0.125	-6.25385
1	-6.25385	2.29909	5.16744	-0.625	-0.125	0.375	0.375	-8.32893
1	-8.32893	-6.25385	2.29909	-0.125	-0.625	-0.125	0.375	1.4356
1	1.4356	-8.32893	-6.25385	0.375	-0.125	-0.625	-0.125	12.4813
1	12.4813	1.4356	-8.32893	0.125	0.375	-0.125	-0.625	5.27901
1	5.27901	12.4813	1.4356	0.375	0.125	0.375	-0.125	-7.88474
1	-7.88474	5.27901	12.4813	-0.625	0.375	0.125	0.375	-6.64424
1	-6.64424	-7.88474	5.27901	-0.375	-0.625	0.375	0.125	-4.06053
1	-4.06053	-6.64424	-7.88474	-0.625	-0.375	-0.625	0.375	8.93111
1	8.93111	-4.06053	-6.64424	-0.625	-0.625	-0.375	-0.625	8.69819
1	8.69819	8.93111	-4.06053	-0.125	-0.625	-0.625	-0.375	6.943
1	6.943	8.69819	8.93111	-0.625	-0.125	-0.625	-0.625	6.24408
1	6.24408	6.943	8.69819	-0.125	-0.625	-0.125	-0.625	0.62028
1	0.62028	6.24408	6.943	-0.375	-0.125	-0.625	-0.125	5.48165
1	5.48165	0.62028	6.24408	0.375	-0.375	-0.125	-0.625	3.5748
1	3.5748	5.48165	0.62028	-0.375	0.375	-0.375	-0.125	3.56909
1	3.56909	3.5748	5.48165	-0.125	-0.375	0.375	-0.375	-5.28574
1	-5.28574	3.56909	3.5748	-0.125	-0.125	-0.375	0.375	1.68154
1	1.68154	-5.28574	3.56909	-0.625	-0.125	-0.125	-0.375	3.88005
1	3.88005	1.68154	-5.28574	-0.625	-0.625	-0.125	-0.125	1.43376
1	1.43376	3.88005	1.68154	0.125	-0.625	-0.625	-0.125	7.04725
1	7.04725	1.43376	3.88005	0.125	0.125	-0.625	-0.625	10.0955
1	10.0955	7.04725	1.43376	0.375	0.125	0.125	-0.625	-0.8112
1	-0.8112	10.0955	7.04725	-0.125	0.375	0.125	0.125	-5.95797
1	-5.95797	-0.8112	10.0955	0.375	-0.125	0.375	0.125	-5.87864
1	-5.87864	-5.95797	-0.8112	0.375	0.375	-0.125	0.375	2.83432
1	2.83432	-5.87864	-5.95797	-0.125	0.375	0.375	-0.125	-1.46232
1	-1.46232	2.83432	-5.87864	-0.375	-0.125	0.375	0.375	-6.88089
1	-6.88089	-1.46232	2.83432	-0.125	-0.375	-0.125	0.375	-0.0406187
1	-0.0406187	-6.88089	-1.46232	0.125	-0.125	-0.375	-0.125	7.9486
1	7.9486	-0.0406187	-6.88089	-0.125	0.125	-0.125	-0.375	4.14555
1	4.14555	7.9486	-0.0406187	-0.125	-0.125	0.125	-0.125	-3.67599
1	-3.67599	4.14555	7.9486	0.125	-0.125	-0.125	0.125	-1.00171
1	-1.00171	-3.67599	4.14555	-0.625	0.125	-0.125	-0.125	2.41857
1	2.41857	-1.00171	-3.67599	-0.375	-0.625	0.125	-0.125	-0.890846
1	-0.890846	2.41857	-1.00171	0.125	-0.375	-0.625	0.125	6.95786
1	6.95786	-0.890846	2.41857	0.375	0.125	-0.375	-0.625	8.02861
1	8.02861	6.95786	-0.890846	0.375	0.375	0.125	-0.375	-1.39081
1	-1.39081	8.02861	6.95786	-0.125	0.375	0.375	0.125	-8.52624
1	-8.52624	-1.39081	8.02861	-0.375	-0.125	0.375	0.375	-7.22772
1	-7.22772	-8.52624	-1.39081	-0.375	-0.375	-0.125	0.375	2.52299
1	2.52299	-7.22772	-8.52624	0.375	-0.375	-0.375	-0.125	9.02649
1	9.02649	2.52299	-7.22772	0.125	0.375	-0.375	-0.375	6.97779
1	6.97779	9.02649	2.52299	0.125	0.125	0.375	-0.375	-6.12925
1	-6.12925	6.97779	9.02649	-0.625	0.125	0.125	0.375	-6.89802
1	-6.89802	-6.12925	6.97779	-0.125	-0.625	0.125	0.125	-1.36205
1	-1.36205	-6.89802	-6.12925	-0.125	-0.125	-0.625	0.125	10.4863
1	10.4863	-1.36205	-6.89802	0.375	-0.125	-0.125	-0.625	5.94494
1	5.94494	10.4863	-1.36205	-0.625	0.375	-0.125	-0.125	-1.29422
1	-1.29422	5.94494	10.4863	0.375	-0.625	0.375	-0.125	-7.35491
1	-7.35491	-1.29422	5.94494	0.375	0.375	-0.625	0.375	6.9707
1	6.9707	-7.35491	-1.29422	0.125	0.375	0.375	-0.625	0.777995
1	0.777995	6.9707	-7.35491	0.125	0.125	0.375	0.375	-7.34854
1	-7.34854	0.777995	6.9707	-0.625	0.125	0.125	0.375	-4.70483
1	-4.70483	-7.34854	0.777995	-0.375	-0.625	0.125	0.125	-0.460132
1	-0.460132	-4.70483	-7.34854	0.375	-0.375	-0.625	0.125	10.2741
1	10.2741	-0.460132	-4.70483	-0.125	0.375	-0.375	-0.625	8.40515
1	8.40515	10.2741	-0.460132	-0.625	-0.125	0.375	-0.375	-7.0438
1	-7.0438	8.40515	10.2741	-0.625	-0.625	-0.125	0.375	-4.73019
1	-4.73019	-7.0438	8.40515	-0.375	-0.625	-0.625	-0.125	9.23004
1	9.23004	-4.73019	-7.0438	0.125	-0.375	-0.625	-0.625	13.1386
1	13.1386	9.23004	-4.73019	0.125	0.125	-0.375	-0.625	5.43419
1	5.43419	13.1386	9.23004	0.125	0.125	0.125	-0.375	-5.03322
1	-5.03322	5.43419	13.1386	0.375	0.125	0.125	0.125	-4.85785
1	-4.85785	-5.03322	5.43419	-0.625	0.375	0.125	0.125	-1.41497
1	-1.41497	-4.85785	-5.03322	-0.625	-0.625	0.375	0.125	-4.01157
1	-4.01157	-1.41497	-4.85785	-0.125	-0.625	-0.625	0.375	7.21325
1	7.21325	-4.01157	-1.41497	-0.375	-0.125	-0.625	-0.625	11.8152
1	11.8152	7.21325	-4.01157	-0.375	-0.375	-0.125	-0.625	1.97993
1	1.97993	11.8152	7.21325	0.375	-0.375	-0.375	-0.125	1.01208
1	1.01208	1.97993	11.8152	0.375	0.375	-0.375	-0.375	5.08169
1	5.08169	1.01208	1.97993	-0.125	0.375	0.375	-0.375	-3.55788
1	-3.55788	5.08169	1.01208	0.125	-0.125	0.375	0.375	-7.92646
1	-7.92646	-3.55788	5.08169	0.125	0.125	-0.125	0.375	0.912409
1	0.912409	-7.92646	-3.55788	-0.375	0.125	0.125	-0.125	1.73926
1	1.73926	0.912409	-7.92646	0.125	-0.375	0.125	0.125	-1.38716
1	-1.38716	1.73926	0.912409	-0.625	0.125	-0.375	0.125	3.23849
1	3.23849	-1.38716	1.73926	-0.625	-0.625	0.125	-0.375	-0.66243
1	-0.66243	3.23849	-1.38716	0.375	-0.625	-0.625	0.125	6.86523
1	6.86523	-0.66243	3.23849	-0.625	0.375	-0.625	-0.625	10.2287
1	10.2287	6.86523	-0.66243	0.375	-0.625	0.375	-0.625	-4.16558
1	-4.16558	10.2287	6.86523	0.375	0.375	-0.625	0.375	3.16085
1	3.16085	-4.16558	10.2287	-0.375	0.375	0.375	-0.625	-2.16545
1	-2.16545	3.16085	-4.16558	0.375	-0.375	0.375	0.375	-6.54341
1	-6.54341	-2.16545	3.16085	-0.375	0.375	-0.375	0.375	3.56846
1	3.56846	-6.54341	-2.16545	0.375	-0.375	0.375	-0.375	-0.612768
1	-0.612768	3.56846	-6.54341	0.375	0.375	-0.375	0.375	3.71098
1	3.71098	-0.612768	3.56846	0.125	0.375	0.375	-0.375	-3.04819
1	-3.04819	3.71098	-0.612768	0.375	0.125	0.375	0.375	-6.88641
1	-6.88641	-3.04819	3.71098	-0.375	0.375	0.125	0.375	-2.66505
1	-2.66505	-6.88641	-3.04819	-0.625	-0.375	0.375	0.125	-3.47226
1	-3.47226	-2.66505	-6.88641	0.375	-0.625	-0.375	0.375	5.14059
1	5.14059	-3.47226	-2.66505	0.375	0.375	-0.625	-0.375	11.7979
1	11.7979	5.14059	-3.47226	0.125	0.375	0.375	-0.625	-2.94718
1	-2.94718	11.7979	5.14059	0.125	0.125	0.375	0.375	-10.4431
1	-10.4431	-2.94718	11.7979	-0.375	0.125	0.125	0.375	-3.83224
1	-3.83224	-10.4431	-2.94718	-0.625	-0.375	0.125	0.125	0.899053
1	0.899053	-3.83224	-10.4431	0.125	-0.625	-0.375	0.125	6.74406
1	6.74406	0.899053	-3.83224	-0.125	0.125	-0.625	-0.375	9.89592
1	9.89592	6.74406	0.899053	-0.375	-0.125	0.125	-0.625	-1.57057
1	-1.57057	9.89592	6.74406	-0.125	-0.375	-0.125	0.125	-3.07268
1	-3.07268	-1.57057	9.89592	0.375	-0.125	-0.375	-0.125	5.11159
1	5.11159	-3.07268	-1.57057	-0.375	0.375	-0.125	-0.375	4.38178
1	4.38178	5.11159	-3.07268	0.125	-0.375	0.375	-0.125	-5.50668
1	-5.50668	4.38178	5.11159	-0.125	0.125	-0.375	0.375	1.35238
1	1.35238	-5.50668	4.38178	0.375	-0.125	0.125	-0.375	1.62563
1	1.62563	1.35238	-5.50668	0.125	0.375	-0.125	0.125	1.86839
1	1.86839	1.62563	1.35238	0.375	0.125	0.375	-0.125	-4.41761
1	-4.41761	1.86839	1.62563	0.375	0.375	0.125	0.375	-3.21085
1	-3.21085	-4.41761	1.86839	0.125	0.375	0.375	0.125	-3.68214
1	-3.68214	-3.21085	-4.41761	-0.625	0.125	0.375	0.375	-5.22015
1	-5.22015	-3.68214	-3.21085	-0.625	-0.625	0.125	0.375	-2.45481
1	-2.45481	-5.22015	-3.68214	0.375	-0.625	-0.625	0.125	9.82135
1	9.82135	-2.45481	-5.22015	0.125	0.375	-0.625	-0.625	12.5929
1	12.5929	9.82135	-2.45481	-0.625	0.125	0.375	-0.625	-5.46604
1	-5.46604	12.5929	9.82135	-0.125	-0.625	0.125	0.375	-8.73869
1	-8.73869	-5.46604	12.5929	-0.125	-0.125	-0.625	0.125	7.71154
1	7.71154	-8.73869	-5.46604	0.375	-0.125	-0.125	-0.625	8.16953
1	8.16953	7.71154	-8.73869	-0.375	0.375	-0.125	-0.125	0.759268
1	0.759268	8.16953	7.71154	0.125	-0.375	0.375	-0.125	-7.84237
1	-7.84237	0.759268	8.16953	-0.625	0.125	-0.375	0.375	1.65699
1	1.65699	-7.84237	0.759268	0.125	-0.625	0.125	-0.375	2.28288
1	2.28288	1.65699	-7.84237	-0.125	0.125	-0.625	0.125	8.10991
1	8.10991	2.28288	1.65699	-0.125	-0.125	0.125	-0.625	-0.0108173
1	-0.0108173	8.10991	2.28288	0.125	-0.125	-0.125	0.125	-1.55054
1	-1.55054	-0.0108173	8.10991	0.125	0.125	-0.125	-0.125	1.49322
1	1.49322	-1.55054	-0.0108173	0.125	0.125	0.125	-0.125	-0.2173
1	-0.2173	1.49322	-1.55054	-0.375	0.125	0.125	0.125	-2.55844
1	-2.55844	-0.2173	1.49322	-0.375	-0.375	0.125	0.125	-2.69375
1	-2.69375	-2.55844	-0.2173	0.125	-0.375	-0.375	0.125	5.22912
1	5.22912	-2.69375	-2.55844	0.375	0.125	-0.375	-0.375	8.18286
1	8.18286	5.22912	-2.69375	-0.625	0.375	0.125	-0.375	-1.6334
1	-1.6334	8.18286	5.22912	-0.125	-0.625	0.375	0.125	-8.95595
1	-8.95595	-1.6334	8.18286	-0.625	-0.125	-0.625	0.375	5.4882
1	5.4882	-8.95595	-1.6334	0.125	-0.625	-0.125	-0.625	7.20264
1	7.20264	5.4882	-8.95595	-0.375	0.125	-0.625	-0.125	7.81399
1	7.81399	7.20264	5.4882	0.375	-0.375	0.125	-0.625	-1.701
1	-1.701	7.81399	7.20264	0.375	0.375	-0.375	0.125	1.71708
1	1.71708	-1.701	7.81399	-0.625	0.375	0.375	-0.375	-3.93672
1	-3.93672	1.71708	-1.701	-0.625	-0.625	0.375	0.375	-7.54669
1	-7.54669	-3.93672	1.71708	-0.125	-0.625	-0.625	0.375	7.20691
1	7.20691	-7.54669	-3.93672	-0.625	-0.125	-0.625	-0.625	13.0227
1	13.0227	7.20691	-7.54669	-0.375	-0.625	-0.125	-0.625	2.26615
